4414.4
4409.7
4484.5
4325.1
4253.2
4263.4
4207.9
4266.1
4368.5
4248.9
4075.9
4041.1
5131.1
4929.1
5138.7
4397.5
4171.9
4332
3982.9
4168.8
5262.5
5379.4
5801.1
4472.1
4412.4
3921
4065.9
4203.6
4550.5
4583.7
3866.1
4336.1
4415.4
4316.7
3967.2
4430.4
4593.6
4339.5
4077.1
4814.3
4724.3
4805.2
4251.3
4291.4
4202.2
4819.4
4310.2
4358.3
4287.1
4502.2
4577
4258.8
4502.8
4477.6
4558.1
4882.7
4799.3
4526.4
4592.2
4527.8
4306.4
4521.1
4374.7
4540.7
4310.7
4119.8
4581.4
4102.8
4341.3
4455
4318.2
4641.8
4474.4
4975.6
5330.3
5316.8
5122.1
5296.7
5126.9
5114.8
5290.3
5521
5389.4
5205.4
4984.5
4968.2
4924.1
5157.3
5152.5
5717
5379.3
5614.7
5370
5149.7
5352.4
5604.3
5497.8
5146.9
5293.9
5384.9
5553
5398.4
5173.9
5522.3
5578.6
5419.1
5456.1
5414.5
5653.7
4024.5
4784.9
4084
3944.7
3824
4080.1
3767
3919.4
4469.4
4663
4627.4
4364.6
4276.7
4513.7
4101.8
4094.2
4144.9
3606.5
3629.3
3771.9
3789
4058.8
3949
4239
4006.3
3897.1
3976.5
3554.2
4072.9
3776.3
3898.3
3981.4
3671.2
3814.7
3761.1
3759.1
3829.6
4510
4518.8
4446
4415.1
4261.1
4462.5
4643.2
4520.5
4714.6
4691.3
4505.5
4509
4260.5
4285.5
4309
4214.4
4146.6
4535.6
4716.8
4117.6
4506
4265.7
4337.7
4375.5
4468.1
4361.3
4354.8
4597
4417.5
4450
4230.2
3938.3
3802.2
3833.5
4140.3
4233
4274
4127.5
3953.4
4112
4199.6
4098.5
4242.5
4423.7
4327.2
4450.1
4352
4443.8
4658.9
4323
4323.3
4603.8
4580
4473.3
3922.9
4345.2
4477.3
4969.4
4069.5
4665.2
4585.8
4506.6
4370.5
4364.1
4037.3
3947.6
4014.5
3937.1
3918.9
3945.5
3863.6
3832.3
3631.4
4080.7
4001.3
4169.6
4205
4719.8
4298.9
4571.2
4354.1
4534.3
4784.9
4737.2
4511.7
4676.8
4565
4576.5
4546.8
4696.8
4764.7
5014.9
4525.5
4636.7
4566
4487.9
4486.5
4567
4345.5
4293.9
4138.9
4483.9
4145.8
4163.3
4311.3
4099.2
4469.5
4063.8
4037.2
4438.4
3953.4
4187.1
3863.8
3910.1
4020.2
4179.8
3908.1
3781.4
4201.3
4045.8
4534.8
3603.7
3996.2
3988.1
4444.2
4252.8
4051.9
4001.7
4028.6
4218.5
4357.2
4219.8
4592.1
4346.4
4406.4
4245.5
4717.4
4267
4613.1
4558.3
4470.3
4580.6
4320.3
4222.3
4426.2
4525.3
4210.5
4471.1
4292.3
4234.7
4136.9
4271.5
4397.4
4710.3
4491.1
4609.5
4199.1
4205.9
4694.5
4726.6
4432
4339.2
4553.1
4752.5
4578
4462.9
4150.2
4097.4
4202
4489.1
4062.1
4308
4710.5
4914.6
4776.7
4471.7
4330.3
4280.8
4440.4
4524.7
4444.1
4493.2
4160.5
4333.7
3879.2
4245.6
4621.6
4751.9
4555.3
4660
4566.5
4659.6
4696.2
4830.8
4334.6
4339.3
4499.2
4480.8
4471.8
4346.8
4511.4
4546.2
4481.5
4397.8
4201
4185.2
4547.4
4404.2
4633.6
4370.2
4481.8
4458.5
4477.8
4488.4
4695.5
4526.7
4322.7
4479.2
4397.5
4323.9
4397
4490
4371.4
4338.5
4318.5
4255.4
4190.6
4398.4
4201.5
4486.9
4304.8
4393.4
4481
4526
4037.6
4339.9
4551.9
4511.7
4480
4561.2
4221
4559.3
4560.3
4578.8
4627.9
4728.6
4472
4518.8
4026.2
4365.2
4919
4442.8
4812.7
4656.9
4494.9
4525
4423.4
4776.8
4769.8
4669.1
4296.9
4513.7
4320.7
4354.4
4305
3915.4
4461.3
4489.9
4370.9
4430
4682.7
4241.6
4670.3
4415.9
4756.6
4330.3
4488.3
4469
4461
4782.3
4514.7
4827.6
3702.1
4216.6
3948.5
4378.3
4719
4155.7
4217
4013.6
4125.3
4372
4233.3
4224.8
4465.3
4192.1
4232.8
4387.9
4211.1
4611.4
4233.2
4186.8
4102.4
4227.5
5018.7
4314.3
4345.2
4164.8
4565.1
4030.1
4637.1
4380.6
4011.3
3959.5
4221.1
4606.2
4428.1
4440.3
4293.7
4321.4
4320.3
4152.3
4183.2
4159.3
4373.3
3969.3
4436.4
4323.9
4664.6
5051
4508
4412.5
4940
4801
4915.3
5006.7
4616.4
4651.3
4772.4
4230.5
4488.3
4537.8
4500.6
4405.6
4568.8
4625.2
4540.8
4309.4
4686.3
4466.3
4994.5
4835.1
4930.4
4920.3
4741.6
4840.9
5289.4
4712.6
4774.6
4310.7
4465.4
4161.5
4746.4
4746.5
4404.4
4647.1
4251.4
4381.9
4366.2
4682.1
4225.9
4734.8
4794.7
4084.5
4007
3994.3
4231.3
4105.3
4524.4
4766.4
4554.3
4912.4
4542.5
4489.5
4407.7
4338.3
4281.4
3848.5
4574.1
3800.8
4172.3
4189.4
3999
3954.5
4256.4
4390.3
4337.2
4329.9
4504.8
4466.4
4323.7
4578.8
4288.8
4635.6
4841.4
4599.3
5124.3
4943.6
4776.4
4597.3
4399.2
4596.6
4604.4
4692.2
4684.9
4480.8
5066.4
4884.9
4353.4
4774.4
4698.2
4902.7
4397.1
4372.3
4243.4
4315.3
4533.8
4463.6
4861.2
5107.8
4774.3
4679.8
4569.3
4286.8
4705.9
4539.8
4708.9
4470.1
4650.9
4553.9
4312.2
4201.7
3974.7
3952.5
4069.7
4596.3
4614
4148.3
5035.7
4918.4
4917
4830
5274.2
5049.4
4676.8
4766.9
4698.7
4794.1
4642.5
4620.6
4498.2
4375.2
5147.2
4672.3
4613.3
4511.8
4430.1
4757.8
4665.1
4559.3
4927
5094.7
4743.5
4716.2
4987.4
4938.7
4995.8
5165.5
4234.5
4531.1
4698.6
4885.7
5033.4
5182.4
5083.6
4945.9
4864.6
4635.1
4963.6
4671.8
4527.7
4746
4433.9
4648.7
4731
4581.7
4507
4492.6
4252.1
5013.7
5100.6
5092.7
4384.3
4802.2
4917.5
4888.3
4129.2
4444.7
4294.5
4580.4
4419.8
4624.6
4544.3
4879.2
4812.5
5214.1
4636.5
4171.1
4789.5
5020
5248.3
4791
4442.6
4446.1
4586.9
4449
4819.2
4534.9
5078.9
4996.4
4409.5
4452.5
4940.3
4692.5
4810.3
4839.1
4935.4
4464.5
4784
4873
4550.1
4901.7
4810.9
