6043.5
6369.6
6900.6
7267.1
6550.6
7972.9
6740.8
6515
6413.6
6504.1
6522.6
6616.6
6196.2
7253
6091.4
6752.5
6189.2
6573.3
5965.4
6787.8
6331.2
6202.3
6123.7
6260.9
6399.1
6430.2
6204.7
6326.1
5747
6188.5
6324.9
6371.1
6496.8
6497.1
6953.1
6073.4
6015.5
6635.8
6199.7
6357.3
5992
6235.8
5852.6
6790.7
5972.1
6094.9
6128
5486.8
6205.8
5561.9
5813
6427.3
6852.3
6351.1
6877.6
6228.6
6398.4
6481.6
6636.6
6905.8
6526.7
6340.4
6149
6029.2
5900.2
6162.4
6024
6237.1
6221.6
6345.3
5847.8
6448.9
5374.3
5801.5
6250.2
5974
5551.8
6332
6234.4
5954.3
6035.7
7173.3
7189.2
7449
7462.8
7434.7
7014.7
7155.6
7424.3
7413
7387.9
7346.4
7432.2
7278.3
7216.9
7780.5
7506.3
7393.7
7642.9
7882.9
7862.4
7757.3
7777.3
7964.7
7528.3
7955.4
7849.6
7743.4
7835.2
7773.8
7591.2
7751.6
7733.9
7820.6
7758
8005.5
6075.1
6167.5
5447.9
5910.4
5977.1
5647.6
6901.4
6706.3
6866.2
6302.2
6633.8
6756.2
6308.7
6440.7
6049.4
6456.3
5811.2
7126.6
7613.5
6941.8
6638.1
6995.9
6799.4
6347.5
6844.5
6958.5
6790.3
7167.7
6952.8
6810.1
6817.3
6480
6747.9
6866.4
6395.2
6589.5
6195.1
6615.9
6334.7
5630.5
7088.8
7281.2
7212.5
7297.1
6656.8
6769.8
6598.9
7075.9
6961.9
6608.5
6003.6
6491.4
6882.1
7084.8
6572.9
6528.7
6530.4
6491.9
6569.5
6236.7
6171.6
7019.8
6220.6
6199.1
6420.3
6678.9
6756.9
7020.7
6375.6
6620.3
7138.8
6679.8
6332.5
7139.4
6951.3
6643.1
6581.7
6383.3
6478.8
5685.1
6906.6
7046.6
6635.3
7336.6
6453.3
6714.9
7665
5420
6176.1
6688.5
6766.8
6565.1
6555.5
6123.9
6758.4
7026.4
6504.3
6789.7
6767.9
6433.1
6632.3
6550.8
6310.7
6844.2
6728.6
6417.1
7157.2
6283.5
6204
6333.4
6351.6
6561.6
6059.8
6034.6
6000.8
6273.7
6504.4
6480.7
6429.1
6518.1
6210.6
6138.8
5645.1
6496.7
6245.5
6615.6
6350.8
6153.2
6120.8
6501.3
6242.1
6279.8
6060.2
6407.6
6243.1
6723.5
6440
5765.7
5916.6
6712.1
6916.8
6444.9
7024.2
7058.5
6763.6
7412.9
7315.1
7191.3
7197.9
7350.7
7611.2
7267.1
7146.8
6975.2
7049.8
7299.2
6605.2
6775.8
6393.1
6704.5
6021.8
5818.7
6177.1
6229.4
6303
6689
5962.8
6282.5
6192.5
6786.3
6753.4
7641.5
7239
7152.3
5738.9
6384.9
6199.4
6067.7
6545.5
5354.2
6237.2
6600.8
6353
5493.8
5352.7
6523.4
5703.9
6653.9
6984.3
7056.2
7155.2
6831.5
6984
7030.2
6931.3
6857.9
6476.4
6544.6
6388.1
6629.4
6260.4
7235.6
6668.6
7000.2
6574.3
7018.9
7379.7
6303.3
6155
6287.9
6424.7
6595.6
6985.2
6944.5
6807
6717
6864.2
6999.3
6935.3
6693
6473.6
6971.7
6776.8
6088.5
6555.3
6301.4
6269
6031.7
6243.3
6918.5
7059.6
6928.7
6802.7
7201.6
6551.5
5655.9
6436.2
6476.9
6259.7
6588.4
6774.7
7008.8
6770.1
6853.3
6552.9
6817.5
7395
6935
6320.5
6868.3
6590.4
6655.2
7029.9
7007.5
6887.1
7243.1
6909.3
6935.2
6771.1
7145.5
6839.2
7108.6
6165.9
7364.2
7171.3
7008.4
5807.6
6682.9
6875.3
6741.7
6887.2
6407.2
7009.1
6861
6701.8
6702.2
6783.8
6712.4
6575.2
6960.4
6715.2
6782.9
6553.2
6697
6573.5
7169.1
6539
6976.9
7115.3
6741
6842.3
6727.1
6234
6937.8
7037.7
6351.9
6692.1
6762.9
7051.3
6708.2
6557.8
6457.4
6709
6991.1
6736.2
6843.1
7131.9
7055.8
7061.8
6559.7
6071.2
6401.7
6069.3
6482.1
7017.2
7054.2
7007.6
7529.6
6956.4
6905.3
6665.8
6649.3
7355.3
6474.6
6751.1
7484.7
6986.6
6648.3
7120.2
6264
6025.8
6746.1
6690.3
6910.4
6690.1
7602.3
6778.3
6711.6
7071.2
6663.7
6275.8
7008.6
6584.6
6808.4
6647.4
6820.1
7265.4
7733.4
7067.7
7539.4
7022.3
7333.2
6736.4
6851.6
6248.8
5957.3
5987.3
6716
5749.2
6441.5
6388.1
6294.9
6078.2
7443.6
6475.3
6590.3
6159
7061.2
6573.2
5890.3
6400.7
6988.9
6464.7
6753.3
6848.3
6666.1
6647.9
6821.4
6636.9
7304.1
6942.1
7367.4
6916.4
7721.7
6839.2
6985.7
6674.1
5998.6
6387.5
6948.9
6542
6927.7
6780.7
6844
6600.2
7150.7
7043.1
6085
7172
7174.8
6022.6
6261.2
6673.1
7089.4
6576
7067.6
7186.2
6167.8
6551
6848.4
6977.7
6381
5983.6
7612
6416.4
6347.9
7103.4
7286.2
7361.7
6814.3
7264.9
6963.5
6589.7
7022.1
7587.8
7276.4
6996.2
7060.3
7056.1
6608
6680.6
7050.2
7689.8
7645
7384.7
7666.2
7679.4
7268.4
7336.1
7706.7
7582.1
7477.9
7965
7860.5
7539.1
7629.9
7472.9
7109.6
7039.3
7143.3
7155.3
6737.2
7126.8
6918.3
7469.5
7834
7678.3
8057.1
7807.4
7826.5
7848
7208.8
6884.4
7157.9
6690.4
7017.3
6830.3
7071.3
7673.6
7971.7
6732.8
7072.3
6368.8
6777
6883.7
7559.9
7485.3
7252.4
6266.7
6648.1
7017.4
6364.1
6173.5
6633.1
7304.9
7165.6
7379.8
6981.3
7396.7
6575.9
7220.4
7007.1
6977.8
6926.6
6615.3
6844
6585.7
6858.4
7205.2
7092.1
7632
7673.1
7627.9
7890.7
6927.2
6709.2
8062.9
6867.4
5962.9
6909.1
5885.3
6726.9
6076.9
6154.8
6961
6787.9
6901.8
7166.6
6752.1
6847.2
7919.4
6932
6627
6763.5
6405
6401.3
6989.6
6553.1
6491.9
7158.6
6236.6
7736.3
