2032.2
1988.3
1968.4
1846.6
2559.7
1709.1
2024.2
1937.9
1894.7
2040.6
2005.4
2216.3
2067.4
1948.8
1714.6
1918.4
1849.2
2087
1946.4
1694
2152.3
2089.2
1611.9
1841.5
1784.5
1601.1
2103.4
2006.9
2042.6
1967
1727.7
1576.7
1876.7
1936.8
1776.2
1902.4
1702.2
1822.4
1885.7
1679.7
1956.6
1825.7
1736.1
1817.3
1782.8
1648.2
1860.9
1900.2
1764.6
1811.4
1883.4
1871.8
1504.5
1917.8
1522
2101.7
1581
2158.5
1855.3
2020.1
1988.3
1867.6
2031.8
1880.6
1915.6
1961.3
2027.6
1988.7
2131
2149.5
1779.4
1763.6
1733.4
1798.4
1653
1756
1816.3
1640
1719.9
1935.8
1743.1
1737.7
1876.1
1848.6
2040.2
2203
1848.6
1965.1
2273.4
2019.5
1807.4
2038.5
1800.2
1975.9
1816.3
1823
1936.8
1722.6
1973.3
1890.3
1962.1
1787.4
1874.2
1729.7
1881.9
2014.8
2047.5
2050.7
1928.6
1939.9
2020.6
2082.5
1872.4
2007.3
1885.1
1788.3
2048.7
1970.2
1972.6
1887.4
1893.5
2048.7
1850.4
1797.3
1699.1
1904.5
2075.5
2057
1954.9
2173.8
2353.8
2056.6
1625.9
1841.6
1918.8
2039.2
1936.1
1745
2140.7
1875.3
1633.5
1756.3
1851
1835.2
1849.9
1839
1900.8
1913.9
1762.2
1862
1781.1
1905.1
1822.4
1508.4
1685
1600.6
1710.7
1619
1618.3
1391
1892
1792.7
1833.9
1942.4
1904.6
1896.5
2245
2014.4
1715.8
1917.7
1973.1
1982.4
1785.6
1919.1
1678
1713.4
1964.8
1950.4
1963.4
1558
1785.8
1979.9
1620.5
1725.3
2174.9
1656.5
1843.1
1623.7
1658.6
1866.7
1699.9
1998.4
1769
1585.6
1900.1
1773
1624.7
2087.7
1854.3
2117.1
1580.8
1732.8
1881.6
1682.6
1703.5
1695.8
2001.8
1829.7
2042.1
1780.9
1925.3
2228.5
1809.8
1865.1
1755.8
1920.4
1805.9
1688.4
1940.4
1901.1
1915.6
1984.3
1843
1743.2
1869
1870.2
1705.9
1930.9
1996.1
1925.3
1688.8
1869.7
1865.8
1774.6
1749.2
1687.7
2067.1
1639
1859.4
1760
1565.6
1668
1641.6
1773.6
1854.9
1700.2
2046.2
2009.5
1898.8
2202.2
1981.1
2000.2
2182.9
1661.6
1741
2045.2
2055.5
1990.2
1856.9
1902.7
1835.2
1830.1
1932
1966.4
1908.9
1913
2043.7
2221
1910.2
2301.8
1960.5
1728.7
1736.4
2204.4
1774.9
2004.8
2041.3
1817.9
1700.4
2054.6
2001.6
1866
1859
2288.4
1826.7
1980.9
1845.2
1960.1
1951.3
1760.3
1764.4
2173.7
2046
2047.1
2061.8
2105.1
1930.2
1874.8
1820.1
1872.1
1710.6
1871.3
1779.2
1563.9
1777.5
1801.5
1760.5
2012.2
1878.9
1855.7
1704
2114.8
2178.4
1889.8
1899.7
1831.8
1884
1868.9
1687.7
2025.5
1833.2
2082.4
2102.5
1837
1737.3
1669.3
1735
2183.3
1748.6
1769.8
1814.8
1925.7
2066.2
1957.2
1892.7
2173.4
1756.2
1634
1912.7
1850
1889.5
1851.5
1747.5
1852.5
1977.5
1950.7
2064.9
2201.9
1927.3
1824.3
1664.2
1971.5
1926.7
1943.6
2074.3
2000.5
1869.5
1926.1
1688.2
2039.1
1613.5
1790.7
1881.1
2120
1930.8
1635.2
1989.9
2267.1
2075.7
2060
1779.9
2079.5
2010.3
2315.2
2354.3
2044.9
2110.3
1924.4
2009.7
1976.1
1948.5
1844
1902.6
1912.5
1873
1869.2
1846.5
1981.1
1812
1978.7
1846.9
1814.9
1848.5
1872.1
1934.8
1811.4
2041.6
1959.6
1842.9
1962.1
1874.6
2045.8
2069.2
1879.2
2172.1
2243.3
2160.2
1825.8
1993.9
2133.7
1814.4
1911.7
2201
2276.8
2349.4
2069.2
1990
2154.4
2101.1
1637
2150.8
1845
1850.6
1646.6
1527.9
1586
1661
1832.4
1764
1869.2
1896.2
1587.7
1483.5
1692.4
1838.6
1790.8
1660.2
2089.1
1845.4
2315.1
1900.4
1755.9
1917.8
2091.5
1525.7
1728.1
1525
1648.2
1643.4
1774.5
1657.8
1730.2
1875.5
1708
1799.1
1588
1619.9
2080.4
1913.8
1681.9
1831.2
1963.6
1961.2
1738.7
1693
1899.7
2021.7
2081.7
1828.9
2073.4
1967.3
1995.4
2153.5
2021.6
1937.2
1947.4
1894.1
1838.6
1952.7
2127.2
1778.1
2078
2113
2000.1
1947
1879.8
1766.5
1959.8
1695.4
1874.4
1851.5
1720.8
1793.3
1875.1
1730.7
1696
1770.7
2064.7
2162.7
1850.5
1702.1
2142.5
2046.6
1797.6
2105.3
2123.8
2008.3
1941.5
1965.3
1844.7
1990.9
2083.2
1691.6
1977.6
1840.3
1903.2
2230.3
2370.2
2103.2
2073.3
2069.8
1930.4
1753.2
1994.7
2012.5
1928.9
1872.2
1914.9
1935
1712.7
1962.1
1803.8
1875.6
1888.3
2111.3
1975.3
2112.6
1947.3
2045.8
1947
1992.8
1998
2012.1
1977.1
2140.1
2035.2
2063.1
1737.7
2040
2000.4
1966.6
1831.4
1761.5
1866.6
1813.6
1683.2
1734.6
1661.4
2036.6
1872.7
1962.2
1560.7
1951.7
1737.4
1901.8
2016.7
1863.9
1719.3
1905
1826.9
2131.2
1829.6
2036.7
1678.6
1940.4
1694
2015.6
1879.2
1991.5
1904.6
2251.5
2040.2
2052.7
2022.6
2073.8
2069.7
2035.9
2182.5
1903.7
1956.7
2056.5
1855.1
2090.1
1845.4
2084.5
2017.8
2052.8
1820.3
2287.2
1964.8
2039.8
2172.6
2217.7
2250.9
1788
1693.3
1630
2017.4
1542.8
1634.3
1583.5
1795.4
1664.1
1830.8
1595.3
2017.4
2001
1944.6
1831
1836.9
1705.3
1847.3
1494
1972
1988.7
1831
2294.8
2274.2
2138.1
2044.4
2043.5
1712.3
1924.4
1725.3
1866
1772.7
2031.3
1825.4
1802.8
1724.2
1864.4
1787.7
1651.5
1745
1530.7
1596.2
2178
2127.3
2223.2
2229.9
2254.2
2042.5
2052.5
2148.1
2076.4
2023.4
2088.5
2025.5
2075.1
2251.8
2281.8
1953.8
2005.5
2235.9
2247.1
2143.6
1989.6
2013
1870.3
1742.1
1910
1919.6
1901
1866.8
1901
2196.1
1959.7
2305.8
2062.6
2080.1
1958.7
1954.6
2000.7
2061.7
1989.4
1970.1
1850.1
1906.4
2157.2
2059.1
1999.1
1946.9
1790.3
2207.9
1866.8
1769.3
1797.6
1504.4
1472.5
1889.3
1784.1
2068.9
1773.1
2066.9
1734.7
2099.2
2015.8
1687.8
1598.1
1787.5
1744.6
1798
1720.7
1542.5
1621.1
1972.7
1989.2
1532.7
1855.9
1751
1749.4
1508.5
2109.7
1961
2015.6
1926.5
1740.2
1872.5
2086.1
1679.9
2213.8
2104.5
2115.6
1996.2
2132.5
2334.8
2227.6
1902.4
1916.8
2052.9
1836.5
1858.5
2003.1
1907.8
2180.2
1892.7
2072.5
1892.4
2105.4
2016.4
1887.2
1711.1
2035.7
1993
1856.3
1700.5
2001.1
1974.3
2243.1
1851.6
1991.1
1924.2
1750.8
1934.2
1857.4
1968.6
1952.2
2036.8
2104.4
2165.5
2154.8
2181.6
1847.7
2316.4
2222.8
2085.5
2339.3
2284.3
2185.3
2110.1
2130.9
1933.8
1847.2
2148.4
1896.9
2148.7
1963.7
1859.8
1915
1958.6
1848.2
2023.9
2082.2
2292.3
2039.5
2030
2067.7
1807.1
1987.5
1892.3
1883.6
1963.9
2078.8
2183.2
2156.3
2204.9
1805.1
2012.4
1824
1852.5
1818.1
2001.2
1990.6
1953.8
2188.3
2204
2227.6
2084.2
2152.2
1972.8
2078.1
2287.6
2238.5
2169.2
2182.7
2044.6
1932.3
1856.4
1767.4
1948.3
2103.2
1998.8
1830.4
2023.9
1852.4
2029.8
1968.7
2016.3
1905.4
1942.8
2062.7
2020.5
2110.2
1947.6
2124.2
2045.2
2101.7
1782.7
2027.1
1971.5
2030.5
1978.7
1860.7
1637.2
1630.4
1715.4
1760.7
1533.6
1983.8
1570.3
1609
1780.6
1791.8
1727.8
1728.3
2022.2
2161.1
1966.2
1864
1785.7
2158
1944.9
1750.4
1869.5
2111.5
1964.9
1776.3
1927.3
2025.1
1955
1889.2
2026.4
2024.1
1885.1
1868.2
1897.2
1933.1
1985.3
2070.3
2160.9
1948.2
2084.2
2068.5
1952.1
2214.8
2080
1907.1
1992.1
2010.1
2005
2070.3
2210.4
2133.4
2386.7
2244.6
2207.1
2288.5
1857.5
2039.8
1902.6
1873.5
1873.1
2162.2
2101.7
1942
2144.7
2306.3
1967.1
2245.6
2317.6
2227.5
2087.3
2104.7
1948
2145.9
2162
2227.2
2270.3
2220.3
1935.9
2180.1
2112.4
2487.1
2265.8
2304.1
2255.7
2267.6
2226.3
2295.5
2132.2
2202.7
2352.7
2240
2293.5
2295.5
2331.4
2341
2189.3
2107.2
2167.9
1983.9
2008.5
2207.9
2249.3
2132.1
2133.1
2242.6
2250.6
2198.8
2050
2370.2
2079.9
2140.7
2100
2486.5
2274.3
2386.8
2405.4
2438.6
1990.1
2225.5
2106.2
2063.4
2597.3
2418.3
2253.4
2080.8
2182.9
2076.5
2153.2
2162.4
1976.7
2369.2
2199.7
2061.1
2069.7
2129.9
2234.7
1922.6
1794.8
1980.5
1825.6
2032.2
2141.4
2293.5
1985
2153
2205.8
2157.5
2401.4
2534.6
2374.5
2155.2
2195.1
2511.4
2025
2023.1
2024.8
1972.9
2303.2
1913
2207.2
2059
1851.1
1763
1857.4
1883.6
2046.8
1890
2111.1
1874.5
2152.7
2436.6
2178.9
2259.2
2421
2178.9
1939
1680
2028.1
2127.9
1882.2
1941.6
2237.2
2140.1
2059.2
2255.3
2356.2
2247.4
2020.1
2548.2
2609.1
2076.3
1932.6
2003.6
1984.2
2114.4
2152
2025.1
2463.5
2014.8
2072.9
2450.2
