7477.3
7439
6368.8
6888.4
6919.2
11876
11664
12140
7215.9
7966.4
7517.2
7629
6593.4
6284.8
6807.9
6998
7562.1
7316.5
6397.3
7023.9
7098.3
7136
7229.8
7143.9
7728.8
7327.9
7404.8
6763.6
7198.2
7700.5
7078.8
6971.4
6482.7
6787.1
7343.4
10907
11311
6950.9
7339.9
6937.9
6752.8
7291.5
6870
7228.7
7460.7
7710.8
7329.7
9652.2
9233.9
9557.9
9764.6
10180
9797.3
10171
9926.9
9954
7864
7216.8
11308
11493
11092
11356
11167
11108
11531
10923
11327
11035
7491
8539.7
7769.2
7409.6
7816.8
8233.3
7667
7947.3
8491.3
7587
8703.2
7523
7442.6
7207.4
6961.7
7569.2
6733.1
7445.3
7887.9
7229.6
7444
7648.9
7204.1
6596.3
7377.5
7536.6
7691.4
6951.7
7115.6
7747.7
7451.4
7815.7
7937.5
7353.8
7286.2
6957.9
7524.4
7146.8
7516.9
7582.4
6806.5
7636.1
7650.5
7850.3
8018.1
8145.3
8077.7
7508.1
7380.1
7284.4
7576.1
6925.6
6974.2
7078
7267.7
7024.7
7768.3
7590.9
7363.3
7447.3
7028.9
7191
6900.4
7139.8
6692.3
7084.8
6651.1
7105
7140.1
7128.5
6513.9
6839.7
7652.1
7737.6
7065.7
6482.6
7002.7
6967.5
7082.8
7153.2
6774.2
6991.5
7179.5
6919.2
6919.2
7427.2
7391.6
7015.9
6869.3
7443.6
7717.1
7404.4
6848.7
7561.1
8103.6
6946.9
7385.3
6650.9
6783.2
7288.8
7136
7574.3
7197.2
7242.1
7304
7656.7
8076.8
7425.2
7505.3
7036.5
7773.6
7993.4
7524.6
7337.6
8150.7
7220.8
7204.4
7529.2
7804.7
7442.4
7573.9
7838.9
6984.4
7717.8
7735.9
8237.5
8186.9
7702.8
8125.8
8079.2
8048.7
7411.6
7627
8141.8
7359
7555.7
7136.7
8081.2
8233.1
7474.4
8031.9
7303.2
6773.7
7360.4
7064.1
7588.2
7014.3
7494.2
6818.3
7255.6
7679.4
7231.6
7975.1
7108.9
7683.3
7812.9
6735.3
6402.6
6881.2
6759.5
7262.7
6697.1
7123
7023.8
7320.1
7080.9
8059.2
7211.8
6889.3
7167.1
7345.4
7677.3
7046.8
7569.4
7225.9
7408.3
7728.7
7683.9
7756.1
7784.3
8480.7
8166.7
7453.2
7089.8
7367.7
7837
7916.9
8660.5
7669.6
7831.2
7332.1
8308.9
7749.6
7458
7227.6
7881.9
7463.2
7133.5
7437.4
6886.4
6870.7
7955.4
7718.6
7727.6
7167.1
7188.6
7244.1
7286.3
7364.7
7840.4
8098.8
7438
8048.4
7698.1
7694.7
7735.3
7269.7
7335.1
7638.3
7732.5
8056.7
8332.7
7898.6
7939.3
7753.4
7852.9
8118.6
8607.4
8266.9
8357.8
8081.1
8187.4
7753.1
7393
7531.3
7789.2
7666.6
7382.7
7979.6
8032.6
7987.7
7793.5
8119.9
8115.7
7796
8337.7
8186.4
8719.9
8272.7
8340.9
8116.9
7870
8044.5
8066.2
8318.6
7720.5
7583.8
7587.5
7652.7
7991
7500.9
7227.4
8312.4
8306.3
8310.4
8791.7
8293
7549
7919.3
7351.8
7956.5
7475.1
8028.6
8167
8244.7
8101.8
8054.5
7613.4
7504.7
7923.6
7832.9
8406.7
8300
8225.1
7979.1
7865.2
8007
8207.2
8270.1
7463.9
7962.1
7879.3
8112.7
8329.4
7059.9
7194.6
7573.6
7222.9
7600.9
7514.6
7054.5
6634.6
7404.6
8091.3
8669
7704.2
7923.4
7879.4
7607.4
7649.2
7476.4
7831.1
7762
7951.2
8014.4
8225.5
8022.2
8348.4
7497.7
8281.4
8409.5
7907.8
8009.6
7637.2
7616.5
7778.4
7342.2
7811.8
7778.1
8136.7
8562.9
8691
8733.3
8896.5
8899.9
8636
8577.9
8242.4
8419.3
8800.9
9496.8
8037.1
8174
7843.9
8080
8135.9
8491.8
7830.8
8749
8805.2
8036.8
8431.6
8930.4
8338.6
7946.7
8135.3
7945.9
7897.9
8174.3
8360.1
7696.8
8672.9
8107.8
8370.6
8624.4
8525.2
8529.6
8954.5
9452.1
7502
7547
7477.3
7790.6
8504.5
7836.9
8412.8
9261.5
8589.6
8508.9
8615.6
8835.9
8681.4
8905.1
9128.5
8590.9
8678.2
9318.5
8441.6
7760.4
8442.2
8254.2
8238.7
8290.4
9053.7
8005.3
8019.6
8362.9
8116.7
7681.3
8944.5
7763.9
7754.9
7448.5
7558.8
7815.6
7477.4
8236.8
8717.8
8382.5
8423.3
8576.4
8506.3
7975.4
7881.5
8078.9
8196.9
8009.9
9010.2
8871.8
8982.4
8676.7
8474.7
8246.4
8469.6
8299.4
8465.7
8436.5
8693.2
8480.4
8532.1
