23554
23755
22448
23758
23555
23528
23495
22945
23339
22480
22849
23452
23938
23608
23322
23491
23793
24029
23983
23394
23984
23975
23557
23461
23718
24160
23913
24013
23249
23191
23502
23465
23560
23067
22243
23179
23459
23376
23338
22973
23455
23844
23533
23063
23101
23711
23098
23525
24009
24005
23644
23710
23198
24067
24015
23783
23984
24055
23772
23324
23574
22357
23902
23044
23057
22714
22919
23411
23885
23592
23443
23638
23767
23661
24180
24000
23677
23037
22831
23016
23754
24208
23635
23872
23703
23728
23768
24312
24486
25973
22921
23312
24681
24374
24791
23534
23616
23394
23499
22858
22521
23509
24768
24405
24840
24663
24550
24151
23862
23502
24547
23562
24116
24630
23649
27346
27509
27200
26817
27419
27185
27579
24038
23097
23838
24985
24424
24075
23737
23443
23622
23433
24075
23699
23527
23633
23957
23659
23588
23332
23747
23388
24024
24285
24824
24814
23356
23517
24414
24409
24327
24914
23897
24678
24938
23981
24354
24188
24343
24765
23838
23945
24537
24401
24216
24223
24579
25079
24372
24348
25071
24655
24105
23659
24043
23830
25030
24853
24552
24461
24144
24674
24466
25061
24968
25500
23773
24279
23819
23127
24331
24179
24679
24117
24534
24148
23995
23782
23719
24793
24412
24459
24504
24144
24469
25156
24725
24496
24254
24736
25361
24276
23826
24546
24745
24740
24273
24441
24595
24526
24201
24493
25315
24008
24315
24140
24674
24962
25057
25033
24974
24619
24483
24236
24466
24450
26138
26769
26290
26509
26050
26735
25978
26913
26289
26719
26850
26672
23442
24490
25119
24369
24329
24837
24100
23571
24245
24094
24001
24491
24511
25057
24371
24583
24666
24674
24234
23467
24906
24194
23678
24207
24382
24576
24278
24462
23922
24011
23873
23612
23765
24095
24680
24184
24266
23920
23292
23344
23962
23591
24322
23691
23501
23077
23567
23779
23787
23836
23044
24850
24395
24022
24340
23829
23412
23969
23954
23660
24184
23730
23822
23997
23862
23977
23614
23853
23701
23686
23881
24408
22800
22917
23269
23855
24519
24024
24196
24481
23986
22950
23865
23751
23694
23242
23537
24156
23332
24151
23852
23819
22689
22775
23054
23322
23211
23188
23870
23452
23031
23696
24072
22753
23760
23505
23986
23506
23621
23519
22765
23178
23229
22807
22988
23773
23284
22751
24480
23664
24380
23451
23442
23765
23971
23728
23753
23625
23871
23552
23996
23807
23011
24552
23781
23972
24029
24398
24822
24184
24475
24686
23737
24118
23542
23905
23698
24402
24202
23910
23990
24305
24881
24788
24568
24493
24676
24637
24332
24723
24483
25000
23205
23181
22825
22657
23389
23190
22992
23234
22596
23023
23108
23294
23356
24601
23549
23676
23600
24143
22973
23679
24348
23429
24059
24150
24176
23962
23734
24041
24205
23960
24127
23957
23833
24796
24200
24091
23353
22678
23114
23137
22772
24025
24109
23659
24200
23832
24473
24052
24424
24117
23478
23155
24282
23627
24364
23560
23962
23942
24104
23841
23883
23717
23885
23261
24027
23537
23721
23545
23517
23521
23764
23884
24075
23670
24516
24134
23661
23439
24044
24054
23479
24097
25224
24211
24571
24172
24047
24970
24071
24234
24696
24715
24405
24561
24298
23371
24259
24483
24059
24166
24077
23765
24199
24175
23794
23860
24401
23896
24430
24428
23609
23251
24346
23555
23996
22726
23520
23896
24196
24343
23635
23607
23530
23979
23573
24036
23940
23580
23269
23203
23200
23167
24123
23568
23635
23485
23970
23925
23645
23566
24475
24854
23876
23990
24465
24458
24481
24162
24471
24416
24599
24459
24221
24532
24004
24760
24236
24333
24275
24695
24724
24948
23859
24110
24438
24523
24041
24504
24182
24358
24191
23992
24022
24029
23605
23374
23688
23865
23893
23745
24264
23539
23525
23636
23523
23469
22730
23148
23681
23737
23780
24824
24782
24904
25338
25121
24624
24686
24354
24450
24748
24654
25265
24403
24348
24044
24418
24220
24203
24498
24031
25125
23936
24514
24218
23916
24103
24816
24535
25502
25051
25423
25009
23397
24278
24079
24107
24392
24059
23898
24150
23908
24066
23342
23874
23467
23724
24330
24369
23828
23201
23508
23782
23885
23716
23628
23645
24307
24126
24235
24213
24560
24362
24297
24285
24259
24588
24341
23610
23753
23697
24593
24694
24976
24379
23457
23658
25023
24221
24456
25089
25458
25196
24267
24208
24378
24128
24296
24744
24141
24574
25262
25358
25592
23902
25442
25500
25385
25273
25620
24323
24448
24626
23890
24408
23877
24272
24221
23811
24380
24528
24423
24222
23939
23852
24293
24396
24691
24063
23940
23850
24588
23914
24202
24609
24226
24190
24582
24376
24179
24673
25286
25198
24488
24982
25039
25041
25032
24366
24992
24563
23617
24578
24225
23883
24202
23562
24290
23550
23934
23238
23654
23498
23462
24087
24716
24535
24056
24147
24061
24119
23950
24023
24164
24412
24291
24531
23701
23559
23926
23946
23602
24000
24009
23910
23794
24458
24031
24191
24964
25040
24608
24819
24445
24341
24770
24561
24369
24399
24215
24078
24333
24152
24312
23905
24033
24488
24765
23929
24092
24179
23707
23702
23721
23517
23627
24233
24645
24625
23735
23605
23783
23884
24354
24052
24590
24807
24291
24595
23980
23993
23677
23908
23925
23477
23659
23962
23646
24526
24095
24023
23780
23749
23787
23815
23626
23572
23729
23403
24452
23998
23919
23345
24495
24235
24944
24983
25211
24440
25406
24624
24415
24441
24401
24550
24474
24273
23824
23795
24706
23959
23015
23718
23833
23591
24265
23685
23681
23634
24116
24784
24009
24336
24491
23840
24918
24071
24238
24549
24346
24158
23790
23836
24645
25048
24195
23783
25097
24851
24028
24060
24851
24493
24934
24933
24897
25056
25023
24649
24649
24024
24514
24520
24771
25177
25043
24659
24099
24375
24024
24557
23980
24018
23860
23737
23986
24216
24011
24498
23726
24021
24429
24611
24157
23743
25357
25088
24218
23803
24590
23931
23758
23931
23401
23810
23454
24181
24283
24095
24775
24762
24022
24663
24006
24155
25015
24334
24004
23810
23892
23820
23709
24023
24219
24543
24299
23768
23594
23758
23349
22973
23875
23641
23475
23771
24617
24368
24175
24417
23772
24356
23304
23551
24411
23619
23561
24093
23350
23224
24232
22894
23563
23514
23273
22832
23499
23427
22912
22964
24251
24196
24352
23706
24295
24362
24803
23836
24674
24219
24281
23899
23859
23742
24662
24245
23973
24709
23885
24695
24407
24163
23472
24167
23875
23974
23785
24077
24607
23668
24360
24414
24471
24055
24982
24615
24986
23917
24646
24484
24804
24565
24853
24253
23623
24391
24150
24771
24368
23562
24888
24395
24512
24887
24696
24068
23949
23334
23704
24275
23550
23827
23480
23874
24156
24573
25340
23904
23746
23792
23993
24337
23827
23492
23683
23869
24849
24652
24392
24338
24439
24434
24410
24389
24123
23503
23524
23411
24222
23924
24306
23836
23824
23780
23629
23264
23164
23370
24667
23804
23688
23812
23085
23465
24296
23781
24191
24420
24482
24214
24520
24167
24077
24419
24860
23857
24587
24441
24300
23657
24374
24181
23982
24512
24034
24040
24664
24344
24339
24197
23605
24097
24159
24377
25298
24412
24865
25219
24928
25158
25027
24655
24710
24762
24461
24412
24988
24449
24305
23793
24307
24697
24525
24091
24259
24225
24434
24749
23509
24511
24328
24746
24924
24825
24833
25380
24855
24977
24130
24344
24132
25343
25080
24037
24397
24281
24064
23965
24995
24573
23913
25898
25344
25684
25686
25089
24451
24532
24676
23734
23947
24594
24092
23786
24340
23932
23836
24484
24599
23977
24170
24098
24614
24645
24625
24505
24302
23376
24216
24680
25206
25842
26685
25740
26243
26144
25949
25421
25656
26443
25744
25900
26108
26213
25912
26416
26001
24874
24607
25121
25132
24899
24445
24565
24719
24837
24718
24372
24453
24336
23961
24302
24533
24638
24521
24458
24814
24407
24130
25113
24433
24326
24369
23870
24093
24329
23495
23708
23748
24333
24928
24351
24914
24329
24311
24846
24720
24249
24594
24476
24627
24415
24423
24851
24263
24167
23869
24391
24536
24338
24763
24347
25236
24815
24633
23972
24559
25827
24220
24713
24662
24370
24317
24643
24509
23981
24595
25491
24550
24573
24421
24062
24224
24861
25041
24014
24685
25139
25426
25333
24922
25454
24917
26249
25674
24323
25569
24469
25283
24904
25132
25304
24844
24715
24887
24606
24631
24340
24041
24234
24943
24730
24554
25378
24671
24666
24760
24862
24719
24172
23030
24168
23818
24720
24151
23789
24945
23880
24289
24144
24065
24542
23361
24592
24631
24705
25278
24988
24280
24101
24242
24143
24865
24770
24315
24709
24405
23989
24237
24217
24866
25396
25072
24893
24733
25493
25703
24959
25529
25347
25535
25591
24873
24909
25120
25638
25412
25744
25195
25276
24949
25052
25054
24767
25578
25459
25168
25264
25279
25165
25580
25063
26150
25375
25657
25834
25939
25446
25444
24697
24760
24954
25254
24595
24640
24748
24861
24615
24655
24586
24536
24265
24503
24527
24149
24880
25080
25115
24346
25464
24750
24659
24764
24861
24724
24529
24011
24813
24513
24850
24783
25442
25565
24927
25514
24628
24860
24268
24459
24635
24903
24717
24087
24450
25705
24807
24846
25317
25312
25251
25150
24599
25134
25150
24767
24801
24795
25093
25297
24800
24819
25005
24880
24991
25171
25197
25626
25312
25523
24915
25342
25444
26093
25465
25340
25412
25831
25135
25028
25524
25304
25447
25633
25509
24837
24879
24650
24585
24946
24422
24664
24904
24713
25392
25007
25243
25547
25130
24755
24807
25263
24948
24735
25494
25109
24866
24658
24854
25409
25281
25329
24781
24582
25175
25186
24455
24400
24863
24226
24533
24529
24402
25089
24998
25211
24227
24218
24902
24516
24523
24284
24273
23809
24073
24878
24937
25273
25254
25115
24978
25043
24688
24457
24805
24974
25076
25291
24814
25112
24817
25077
25435
24511
25031
25376
24998
25557
25084
25273
25309
25180
25263
25092
24582
24252
24740
24288
24843
24472
24534
24858
25017
25148
24596
24246
25295
25523
24601
24685
24586
25058
24562
24822
25591
25178
25144
24431
24385
25707
24842
25089
25175
24899
24728
25348
23982
24870
25020
25430
25075
24927
25222
24907
24712
25100
24581
25029
24632
25144
24508
24141
24968
24542
24963
24394
24597
24461
23976
24794
24791
25182
25200
24904
24819
25247
24740
24763
25324
25097
24837
24373
24826
24555
24845
24016
24275
24379
23977
24445
24472
23939
24637
24511
25366
24693
24766
24170
24223
24204
24249
23313
24453
25246
24014
24204
24890
24666
24919
24812
25130
23836
24388
24651
24241
25357
24317
24197
24606
24166
24350
24030
24149
23801
23864
24386
24022
24279
24105
24259
24190
25438
25455
25217
25827
24543
24035
24995
24866
24347
25305
25351
25072
25400
24714
24591
24044
24709
25252
24666
25068
24972
24913
24598
25096
24936
24978
24596
25241
23370
24103
24232
24660
24887
24988
24222
24374
25489
25567
24571
24602
25174
24222
24787
25153
25163
24961
24849
25056
25121
25140
24951
24869
25097
24770
24759
24363
24644
24828
24958
24392
24583
24949
24600
25086
24452
24495
25576
24435
24229
24066
24723
24520
25172
24997
24309
24584
24816
24556
24540
24575
24469
24560
24564
24537
24964
24522
25263
25212
25835
25125
25307
24834
25034
25503
25236
25331
24916
24735
24873
24575
25083
25224
24726
24761
24805
25022
25086
25153
24569
25024
24257
24908
24883
24034
24820
25049
25192
25220
25334
25406
25104
25203
24871
24960
24761
24635
25003
24502
25243
24121
25290
25517
25237
25151
25161
25316
25032
24929
24778
24986
24836
24971
25380
24990
24579
25038
24480
24962
25324
25346
25435
25273
25435
25054
24882
24770
24685
24452
24287
24665
24985
24426
25093
24930
25070
24641
24929
24245
25096
24447
25095
25024
24711
25125
24590
25103
24920
25217
24984
25218
25250
24909
25136
25869
25607
24895
25061
25262
25526
24927
25759
25606
25036
25778
25602
25647
25538
25922
25484
25258
25674
25391
24385
25330
24807
24764
25016
24757
25271
25809
24942
25206
25213
25406
24772
24795
24767
25009
25310
24936
24604
26034
24074
24979
25672
24904
25111
25022
25032
24503
25304
25174
24913
25196
25485
24877
24924
25214
25485
24898
25146
25308
25901
25789
25469
25779
25751
25015
25589
25430
25717
25652
25722
25610
24804
25735
25563
24935
25174
25873
25536
25008
25217
24854
25202
25180
25434
24994
25313
25841
25051
25327
24788
24571
23691
24788
24177
24255
24284
24219
24456
24420
25596
25172
24356
23918
24572
24325
24212
24737
24862
24116
24220
24546
24829
25053
25133
24509
24650
24041
24842
24134
24720
25342
25354
25056
25043
25134
25245
25017
25181
25123
25234
25329
25409
25355
25916
25721
25894
25767
25601
25734
25889
25368
25677
25671
25311
25477
25741
25886
25573
25683
26250
26152
26206
25902
25736
25307
25495
25224
24598
24822
24089
25391
25535
25153
25117
24654
25474
25463
25881
25677
25239
24505
23909
24133
24487
24794
24406
24959
24147
24459
24826
24113
25113
24976
25256
24911
24448
25325
24735
25525
24754
25397
25214
25407
25099
25691
25410
24715
24799
24769
24873
24899
24807
24877
24692
25068
24803
24483
24759
24531
24590
25100
24512
24771
25028
24313
25343
25103
25069
25137
25546
25394
25423
25242
25641
25856
26119
25078
24440
25223
25200
25581
24603
25225
25084
25236
25361
25750
25291
24802
25157
24549
24878
24980
25149
25381
25288
25599
25467
25324
25190
25178
25116
24384
24757
25302
24758
24683
25010
24881
24055
24740
24830
24434
24662
24736
25092
24700
24683
24719
24912
24671
25227
24523
24972
24752
24798
25073
24981
25395
25123
24868
24407
24079
24449
24381
23848
24636
24733
25680
25005
25291
25523
25075
25305
25384
24903
25254
25140
24832
25702
25184
24388
24691
24875
25004
25284
25237
25154
25407
25242
25711
25512
24795
25651
25669
25341
25181
25520
25649
25192
25062
24778
25073
25121
25373
25582
24703
25370
25370
25732
25083
25281
24744
24578
25068
25098
25281
25028
25258
24810
24953
25115
24594
24686
24143
24790
25215
24937
24799
24796
24914
24870
24726
25277
24672
25038
24816
25003
25071
24923
26032
25106
24707
24954
24604
24327
24908
24603
25268
24586
24936
24890
24749
25100
24930
24913
25097
25279
25256
25693
24237
24773
24399
24874
25231
25278
24724
25411
25017
24986
25190
24742
25554
25243
24893
25381
25788
24614
25717
25138
24668
25028
24964
24495
24153
24180
24554
25194
25313
24628
25333
25180
24839
25117
24802
25025
25554
25096
24707
24424
24660
24769
24802
24891
25220
25265
25290
24909
25199
25519
24858
24858
24932
25011
24934
24604
25448
25679
25613
25443
25602
25898
25463
24932
24411
24540
24745
24141
24795
25404
24842
24828
24760
24596
24392
24679
25199
24968
24054
24694
24733
24600
24772
24605
24985
24718
24210
24591
24487
25058
24767
24655
24891
24880
24786
25067
25057
24880
24680
24680
24376
24603
24320
24339
24241
24355
24450
24456
24589
24784
25012
24539
24394
24301
24872
24986
24790
24788
25263
25013
24895
25328
25022
24609
24589
23811
24917
24549
24491
24833
24647
25347
25054
24856
25030
25140
25652
25534
25230
25458
25207
25125
25006
24895
25483
25419
25660
25614
25329
25094
25053
25324
24717
25047
25476
25218
24857
25370
25044
25264
25303
24618
24927
25100
25946
24965
24809
24377
24445
24738
24482
25114
25150
25449
25462
25309
25381
25034
25006
25626
25132
25822
24834
24619
24704
25024
24758
25272
25020
24577
24708
24285
24549
25158
24361
25414
25276
25367
25410
25749
25330
24760
25322
25420
25690
25057
25706
25365
25855
25638
25436
25598
25350
25474
25607
25811
25775
25725
26566
25780
25489
25106
24843
24838
24904
25008
24736
24948
25049
25609
25539
24819
25671
25877
25628
25392
25343
25192
25192
25838
25443
25672
25196
25337
24897
24808
25495
24767
25694
24345
25232
24166
24911
25365
25288
25202
24524
25791
25108
25610
25286
25503
25250
25224
24754
24741
24725
24798
25097
25366
24913
24317
24864
24897
24670
25434
25109
24856
25149
24875
25346
25128
24935
25256
25185
25691
24531
24693
25387
25076
24924
25342
25030
25570
24961
25140
25285
24408
24631
24502
24267
24913
24472
25127
25451
25457
25215
25785
25182
25054
24843
24555
24992
24917
25018
25829
25399
25296
25604
25291
25774
25738
25311
25236
25879
24971
25315
25255
24533
24998
25460
25276
25229
25453
25343
25395
25254
25550
25082
24381
25425
25425
25061
25495
24468
25810
