4016.9
3660.3
4081
5280.9
3676.3
3463.1
4249.5
4276
4155.3
3919.6
3929.6
4001.7
4278
4113.9
3579.4
3789
4025.8
4020.1
5338.2
5455.4
5280.8
3867
4077.1
4283.6
3730.7
3733
3926.1
2917.4
4446.8
3911.9
4073
3798.6
4030.9
3674.4
3915.7
3514.4
3399.4
3758.7
3684.2
3490.8
3430.1
3622.5
3617.2
3731.7
3714.3
3641.1
3946.8
3960.1
4194
3999
4107.1
4034.8
3857.3
3922.1
3617.5
3924.3
3867
3754.9
3515.4
3627.1
3941.6
3686.9
3633.5
3740.6
3277.6
3635.3
3677.6
3926.7
3595.2
4818
4897
4918.7
4932.7
4929.1
5248.7
4888
5362.3
4061.1
4251.7
3997.1
4172.8
4006.4
3576.8
4239
3810.8
3960.4
4008.2
4137
4470.4
4155.5
3794.2
4020.1
3771.5
3466.6
3618.7
4186.9
3989.6
4264.7
3706.5
3666.6
4153.3
3698.3
4072.4
3694.4
3955.6
3734.5
3475.2
3959.3
3975
3725
3791.6
3935.7
3885.8
3698.9
3799.6
3486.5
3721.2
3551.2
3498
3482.6
3432.3
3524.9
3485.1
4440.4
3908.9
4260.8
4176.9
4136.4
3813.3
3937.3
3881
3947.3
3531.8
3714.3
3876.8
3417.8
4165
4345.1
4336.6
3788.7
3683.7
3831.2
3842
4148.7
4011.8
3918.4
4004.7
4030.5
4162.8
4112
4312.6
4596
3883.8
4368.1
4145.8
3861.7
3982.1
3618.8
3908.4
3678.3
4006.2
3807.1
3973.5
3841
3370.6
3803.4
4105.9
3859
3572
3540.1
3937.9
4000.3
3858.8
4290.6
4094.2
4279.6
4067.6
4061.8
3673.7
4145
4194.7
3719.9
3726.9
3795.2
3926.7
3880.9
3820.2
3415
3646.4
3858.3
3505
3566.3
4326.9
3878.7
3737.5
3200.6
3588.9
3998.8
3959.5
3783.3
3617
3374.4
3713.6
3676.8
3778.5
3568.2
3710
3322.4
3808.3
3722.2
3305.6
3587.9
3547.1
3663.8
3760.6
3625.7
3747.8
3652.8
3533.1
3476.5
3346.4
3282.4
3469.6
3467.1
3786.4
3931.2
3948.2
3600.4
3739.3
3805.8
3655.9
3691.2
4328.2
4263
4157.9
4003.7
4023
4044.3
4265
3874.5
3980.5
4222.6
4385.7
4550
4461.5
4222
3891.2
3712.5
3667
3832.9
3619.1
3731
4043.2
3755.3
3690.6
3785.8
3573.5
3888.3
3700.6
3491
3849
3382.1
3280.5
3557.8
3755.3
3884.4
4237.9
4454.6
4005
4067
3853
4205.1
4109.4
4045.6
3907.7
3876.9
3871.4
4219.1
3686.8
3581.1
3620.4
3773.6
3796.2
3695.9
3897.2
3728.1
3860.8
3501.2
3779.2
3561
3956.3
3894.4
4180.1
4045.5
3974.5
4050.7
3939.1
3749.7
3566.2
3913.8
3992.1
3692.8
3512.2
3881.7
3705
3923.5
3329.9
3185.1
3761.3
3433.2
3273.8
3269.6
3860.4
3478.2
3947.7
3366
3596.7
4077
4232.4
3693.5
3485.2
3847.6
3860.8
3779.7
3726.9
4221.4
4041.9
3919
4137.2
3820.5
3666.5
3939.2
3374.6
3592.2
3592
3540.7
3677.6
4010.3
3923.6
3705.2
4007.6
3777
3743.6
3688.7
3657.9
3819.5
3913.6
3819.4
3500.1
3748.1
4143.6
3793.5
4134.7
4112.9
4143.3
4181.7
3979.3
3955
3975.4
3782.3
4319.4
4049.3
3875.6
4449.8
4092
3822.4
4130.2
3971.9
4004.7
4186.2
3699.4
3658.3
4208.6
3766.3
4012.4
3790.1
4187.9
4021.7
3926.1
4006.1
3948.2
3898.6
3860.4
3746.5
4008.8
4071.4
3946.3
3869.7
4039.6
3819.1
3910
3951.7
3944
4250.5
4114.6
4148.5
4181.5
3965.4
3876.3
4013.4
3964.7
4149.4
4050.6
3826.8
3974.7
4028
3449.5
3810.6
3876
4638.2
3995.4
4022.7
3884.5
3798.6
3630.1
3620.9
4006.3
3938
4268.4
4179.1
3821.7
3991.7
3847.1
4127.7
3966.5
4148.8
4187.8
4119
4142.2
3906.8
4076.1
4018.1
4228.8
3946
4178.9
4009
3958.8
4213.5
4210.2
3886
3805.4
3849.6
3457.1
4035.4
4322
4238.7
4001.9
4011.9
3941.8
4020.6
3937.3
4127.6
3788.7
3586.5
3620.1
4035.7
3909.4
3833
3631
4127.3
3960.5
4015.4
3946.8
3839.5
3906.3
4101.1
4092.9
3973.1
4277.4
4348.9
4046.6
4199.4
4217.8
4207.3
4100.7
4137.2
4270.4
4329.6
4677.7
4058.2
4039.2
4238.3
3718.8
4011.1
3929
3645.8
3796.9
3878.2
3845.1
3585.8
3905.8
3951.7
4056.4
3979.4
3647.4
3756
3740.6
3790.9
3711.5
3756.4
4040
4048.8
3860.8
3536.4
3986.2
3575.4
3060
4168.4
4327.6
3952.4
4355
4091.4
4268.7
4570.3
3757.8
4811.1
4058.9
4222.5
4501.6
4556.8
4395.3
4340.6
4254.4
4086.9
4468.1
4402.5
4232.9
4707.5
