6878.5
6969
7274.8
7185.2
7087.5
7109.1
7022.7
7549.2
7613
7093.8
7238.7
7182.5
7059.1
6984.8
7051
7229.4
7541.8
7267.4
7436.9
6854.8
7150.7
7358.4
7553.4
7204.7
7327.7
7188.9
8537.7
8437
8363.6
8353.4
8484.5
8288.4
8387.5
6908.3
6755.9
6626.6
6709.2
6546.2
6650.4
6575.7
6723.1
6874.4
6653.1
7149.3
6717.9
7252.8
6866.7
6468.2
7561.3
6564.7
6791
6912.5
7019.9
6995
6744.5
6677.4
6808.7
6723.5
6692.9
6708.1
6687.8
7166.5
7219.4
6978.6
7310.2
7438.2
7212.3
7129.1
7121.6
7268.5
7307.6
7645.9
7305.9
6890.8
6999
7789.3
7116
7464.7
7531.7
7765.2
7806.3
6323.3
6846.5
6673.7
6607.9
7043.1
7087.5
6652
6718.7
6562.6
6762.6
7062.3
6939.2
7098
6768.5
7028.1
7027.3
7203.4
7585.9
6943.8
7035.8
7224.3
7176.3
6995.2
6747.7
7004.3
7004.8
7361.1
7071.5
7197.9
7127
7504.2
7568.6
7120.6
7355.4
7632.4
7032.6
7422
7619.6
6815.3
7093.5
7357.9
7154.5
6710.8
7297.1
7572
7446.2
6591.2
6520
6878.1
7130.4
6964.2
6959.4
7317.4
6756.7
6740
6850
7012.4
6824.1
6612.1
7044.8
7078.9
6719.2
6657.1
6822.6
7533.7
7168
7598.5
6415.2
6676.8
7171.3
6625.4
6875.6
6929
6338.6
6307.7
6515.9
7103.7
6877.6
7208.7
6846.2
6946.5
6389.2
6194.7
6124.7
6110.8
7304.9
7585.6
7259.5
7079.2
7679.6
7540.8
7130.8
7155.9
7358.8
7480.7
6407.3
6660.6
6992.7
6443.3
6815.9
6780.8
7026.2
6981.4
7134
7097.5
7321.5
6936.5
6761.5
6801.6
6542
7269.7
7260.8
6796.4
7124.5
7359.8
7224.7
7187.7
7099.7
6923.5
7145.4
6951.5
7517.9
7221.5
7132.2
7113.2
7093
7230.8
7187.9
7562.1
7437.6
7800.5
7332.9
7705.9
7272.6
7447.1
6889.3
7253.2
6622.4
6930
6686.5
7196.1
7794.6
6564.3
7530.7
7696
7207.7
7023.9
6895.4
7339.4
7481.8
7272.5
7042.8
6406.3
7280.8
7047.1
6806.3
7270.9
7295.1
6533.6
6807.6
6556.7
7124.4
7277.4
7374.5
7091
7328.1
7504.8
7195.6
7417.5
7079.4
7162.9
6674.3
6857
7000
6889.5
6427.5
6047.9
6757.6
6508.9
7013.2
6944.1
7089.6
7304.8
7263.8
7557.9
7162.6
7028.3
6718.7
7347.4
7699.6
7013.9
6357.6
7577.6
6704.5
6939.3
6950.6
7218.8
7052.5
7041.9
7227.1
6748.7
6966.1
6886.4
6904.7
7140.4
6772.5
6840.4
7338.7
6692.2
6541
6700.9
6681
6425.4
6684.5
6584.3
6738.8
7037.5
6717.2
7103.2
6753.3
7160.1
6536.1
6499.6
6835.1
6653.7
6775.5
7443
7672.2
7263.7
6804.8
6828.9
7394.5
6999.4
7141
7618.7
7300.4
7139.8
7158
6967.8
7362.8
6917.6
6078
7251.3
7445.4
7512
7520.9
7555.3
7168.8
7188.9
6986.3
6865.7
7491.4
7373.2
7078.9
7551.5
7240.8
7369.6
6785.1
7079.8
7157.3
6880.5
6768.4
6876.4
7099.3
6904
7187.1
7001.6
6794.3
7075
7945.4
7722.7
7562.7
7421.6
7269.6
7196
7438.3
6647.4
6964.4
7195.5
6916.4
7125.9
7286.9
7224.6
6388.4
6979.9
6877.2
7102.7
7189.9
7403.9
7482
7239.3
7248.8
7398.9
7087.1
7044.2
7387.5
7689.9
7705.3
7030.3
7753.9
7501.6
7358.4
7875.1
7079.1
6734.9
7219.7
7323.4
7659.1
7069.9
7161.7
6650.2
6874.9
6822.7
6833
6612.9
7062.6
6992.7
7237.3
7605.9
7098.7
7743.9
7283.7
7922.5
7140.8
7334.1
7144.4
7423.7
7411.1
7258.2
7060.9
6753.9
7501.3
6996.6
6937.6
7335.3
7577.6
6824.3
6872.5
6726.7
6804.9
6999.5
6635.9
6867.5
7046.9
7011.3
6879.2
7207.1
7168.9
6776.7
7292.2
6902.7
7362.7
7163.9
7074.6
7195.5
7039.4
7395.4
6971
6918.7
7173.9
7129.2
7284.6
7539
7485.7
7415.2
6877.6
7285.7
7113.2
7107
7175.2
7128.8
7963
7070.6
7069.2
6703.3
7695.8
7125.8
7040.9
7346.7
6957
7107.5
7584.9
7201.2
7142.3
7194.2
6317.7
7129.2
7351.3
7299.9
7210.7
7127.7
7058.6
7032.5
6981.5
7216.8
7146.2
6999.9
7056.2
7015.1
7046.8
7190.6
7355.4
7254.7
7243.4
7641.1
7370.1
7987.7
7360.9
7113.6
6992.6
7585.5
7314.1
7220.4
7640.1
7613.4
7763.7
7687.5
7403.6
7352.3
7403.2
7059.4
7381.1
7421.6
7038.6
7433
7781
7726.4
8019.8
7802.3
7365
7724.1
7679.3
7758.3
7243.1
7212.4
7667.2
7334.3
7420.6
7185.2
7589.9
7612
7346
7843.7
7420.7
7214
7846.5
7703
7731.7
7904.6
7403.6
7434.5
7674.7
7398.6
7490.1
6954.5
7423
7945.8
7850.8
7652.5
7426.6
7941
8070.6
7008.1
6911.5
7164.7
6958.9
6807.6
6814.2
6850.3
6923.8
6585.8
7108.8
6759.3
7270.9
6495.6
6172
6029.7
6718.2
6606.4
6651.4
6683.9
6127.4
6433.5
6369.5
7667.2
7567.5
6850.9
7310.1
7255.3
7159.6
7087.6
7729.2
7231.9
7062.8
7874.5
7672.9
7219.2
7017.9
7380.6
7038.7
7291.7
7068.6
7362.4
7169.5
7315.7
7227.8
6902.6
6892
7008.4
7553.2
7065
7188.6
7500.5
7986.1
7313.3
6908.1
7217.1
6983.7
7105.4
7088.9
7490.9
7020.1
6777.9
6809.2
7506
7738.2
7233.8
7312.7
7511.8
7496.1
7609.6
6989.5
7684.4
7357.7
6993.6
7475.7
7377.8
7447.2
7365.2
7368.2
6982.7
7674.1
7345.4
7720.6
7362
7439.5
7238.3
7597.9
6976.3
7228.5
7176.2
7801.3
7101.6
7261.1
6630
7225.4
7471.9
7535.2
7604.7
7295.8
7421.8
7544.8
7471.7
7885.7
7762.8
7519.7
7717.3
7475
7774.8
7645.2
7485.8
8107.1
7806.2
6826.5
7428.8
7125.5
7420.8
6913.5
7534.5
6963.4
7162.9
7430.7
7238.2
6857.7
7170.7
6932.6
7145.8
7094.1
6920.8
6888
7387.3
7283.4
6899.2
6997.7
6874.2
6861.9
7170.4
7323.2
6685.5
6436
6522.9
6942.9
6847.7
7597.7
7161.1
7291.6
7226.5
7354.2
7708.2
7613.6
7769.8
7668.3
7133.5
7115.8
7069.1
7650.5
7421.4
7724.6
7417.8
7134
7197.7
6696.1
7409.3
7455
7020.6
7180.6
7565.3
7352.9
7135.6
7574
7601.9
8020.9
7508
7130.3
7407.4
7592
7683.8
7257.7
7538.5
7506.7
7351.3
7432.8
7682.7
7530.9
7009.2
7262.3
7289.8
7262.2
6644.4
7169
7262
7519.2
7267.6
7873.5
7728
8206.7
7646.8
7643.7
7862.9
7632.6
7597.4
7108.1
7278.9
6901.5
7207.8
6998.9
7519.3
7521
7664.3
7149.7
7316
6939.3
7226
7249.2
7575.6
7784.3
7408
7690.2
7425.9
7434.3
7503.2
7281.6
6872.5
7370.6
7227.4
7484.4
7123.8
6778.2
6887.5
6846.6
7475
6935.1
8463.3
7735.1
7433.7
7506.7
7891.9
7789.2
7527.5
8082.2
8166.4
7919.8
7739.4
7711.4
7495.6
7737.2
7263.3
7613
7903.5
7623.9
7652.8
8173.7
8120.1
7849.1
7938.9
7941.7
7745
7460.6
7801.6
