2867.2
2881.8
2970.7
2810.3
2827.8
3018.1
3119.1
2744.3
2958.9
2654.1
2988.8
2836.1
2876.6
2893.5
2786.5
2840.6
2818.4
2743.8
2847.5
2817.1
2639
2545.9
2421.7
2653.4
2735.2
2656.3
2755.2
2591.1
2728.7
2963.5
2899.4
2697.1
2685.3
2947.7
2811.5
2418.9
2959.5
2889.3
2971.1
2908.8
2980.6
2726.4
2904.6
2619.5
2521.4
2444
2414.7
2703.4
2908.9
2687.8
2461.7
2523.8
2495
2886.8
2692.9
2837
2674.4
2728.4
2613.4
2817.1
2887
2912.9
2954.4
2764.9
2622.8
2731.4
2891.2
2317.4
2693.4
2645.2
2644.2
2904.4
2869.8
2546.4
2369.2
2755.6
2443.9
2315.6
2656
2819.3
2428
2365
2757.5
2701.9
2629.9
2290.9
2417.9
2831.2
2854.4
2814.8
2999.6
3049.3
2670
2562
2557.7
2976.6
2600.3
2865
2763.7
2774.4
2646.1
2744.2
2833.1
3045.3
2422.6
2511.8
2977.6
2555.3
2514.4
2800.2
2722.8
2676.3
2691.9
2621.1
2731.9
2841.7
2883.6
2843.7
2902
2861.6
2977.3
3000.2
3311.9
2809.8
2743.6
2884.3
2807.3
2808.4
2874.8
2989.5
2746.1
2968.7
2879.7
2900
3015
2869.8
2780.9
2941.7
2915.2
2793
2919.7
2835.4
2634.2
2799.3
2973.4
2680.5
2783.3
2695.2
2589.1
2512.4
2755.2
2657.9
2668.1
2748.4
2699.5
2987.9
2936.6
2715.9
2501.6
2792.3
2840.6
2836
2728.2
2282.6
2841.7
2698.1
2627.3
2591.7
2813.6
2441.2
2514.6
2680.8
2853.9
2491.7
2633.1
2600.1
2661.1
2598.3
2845.9
2709.6
2716.5
2806.2
2565.1
2579.8
2495.6
2718.4
2630.2
2818.3
2839.3
2694.8
2845.6
2707.7
2302.9
2657.5
2794.7
2603.5
3012.4
2790.2
2743.1
2525.2
2776.6
2568.5
2859.9
2907.9
2669.2
2701.2
2689.2
2836.4
2581.4
2417.7
2462.7
2689.1
2437.1
2961
2658.6
2696.8
2766.5
2756.7
2789.9
2654.4
2773.1
2720.6
2808.7
2883.2
2617.6
2911
2892
2627.1
2861.9
2882
2472.4
2731.6
2740.1
2680.6
2651.2
2790.6
2923.5
2816.7
2891.3
2862.4
2954.4
2996
2882.3
2973
2830.4
2915
2922.9
2744.8
2602
2507
2735.9
2672.6
2689.5
2492
2797.6
2721.7
2555
2684.3
2649.3
2943.1
2667.9
3096.4
2121.8
2592.3
2900.8
2618.9
2263.5
2562.8
2930.6
2522.5
2475.5
2781.7
2771.3
2857.4
2794.4
2838.3
2836.5
2764.3
3100.3
2802.5
2771.2
2817.5
2812.5
2724.8
2611.2
2350.2
2664.3
2729
2940
2653.1
2653.9
2872.4
2662.1
2649.6
2465.8
2657.5
2620.5
2754.6
2779.6
2364.6
2311.1
2336.3
2273.4
2518.9
2504.1
2204.1
2570
2238.6
2270.1
2144
2438.5
2423.7
2442.4
2653.3
2639.4
2664.5
2435.7
2518.7
2656
2564.3
2460.5
2562
2530.3
2544.8
2609.5
2480.1
2175.4
2271.7
2123.8
2038.2
2535.9
2279.7
2496.2
2530
2496.1
2537.6
2309.1
2255.5
2606.8
2487.9
2656.2
2681
2748
3009.2
2827.7
3003.3
2479.7
2732.9
2800.4
2843.7
2702.5
2373.2
2519
2807.3
2738.4
2521.9
2480.4
2603.1
2821.8
2738.8
2933.2
2633.2
2681.8
2598.6
2905.8
2738
2964.1
2358.3
2716.3
2756.1
2821.1
2840
2674.4
2628.9
2595.5
2681.5
2744.3
2788
2824.5
2723.1
2679.2
2585.9
2572.6
2464.1
2128.7
2766.8
2709.5
2640.8
2828.7
2804.2
2834.6
2722.9
2661.4
2920
2640.4
2882.2
2607
2388.3
2587.2
2692.9
2416.5
2665.1
2855.2
2621.3
2478.6
2721.8
2360.3
2409
2563.4
2637.6
2783.2
2730.3
2598.2
2316.2
2247.9
2932.7
2619.9
2531.4
2811.4
2893.7
2985.7
2952.5
2751.4
2816.5
2614.2
2974
2734.2
2925.7
2949.7
2409
2613.4
2475.1
2615.4
2990.1
2785.1
2705.4
2788
2866.7
2762.2
2865.6
2543.3
2397.7
2732.3
2789.2
2593.4
2533.2
2718.2
2938.1
2556.7
2342
2407.4
2500.8
2444
2579.2
2328.4
2571.7
2206.6
2814.3
2596.6
2819.6
2597.6
2516.6
2411.5
2609.4
2634.2
2545.2
2842.1
2828.1
2312.1
2474.5
2385.6
2291.2
2287.9
2883.7
2629.7
2595.8
2881
2686.4
2873.3
2775.1
2355.3
2472.9
2603.9
2630.8
2692.1
2659
2680.1
2690.4
2456.6
2753.1
2578.6
2598.6
2683.8
2732.2
2513.4
2579.4
2733.8
2617.5
2640.1
2636.5
2658.6
2768.3
2805.8
3073.3
2752.6
2817.7
2757.2
2835
2665.6
2522
2693.4
2585.9
2638.6
2650.2
2507.1
2795.3
2736.2
2488.5
2491.6
2752.8
2619.8
2642.8
2422.9
2644.3
2641.5
2779.7
2645.6
2594.6
2681.4
2650.7
2692.2
3035.7
2744.1
2705.5
2625.4
2533.1
2512
2472
2647.4
2849.6
2809
2922
2793.3
2483.7
2939.6
2850.9
2890.4
2870.7
2867.7
2684.4
2830.2
2843.5
2877.4
2394.6
2585.8
2505
2389.8
2568.4
2790.3
2800.6
2437.9
2746.6
2493.2
2879.3
2583.2
2192.5
2482.9
2841.2
2822
2527.1
2851.3
2874.9
2862.8
2802.6
2989.7
2913.9
2839.1
2720.5
2854.6
2770.9
2793.8
2632.7
2934.8
2703.5
2938.1
2666.9
2911.2
2561.1
2857.9
2867.7
2802.8
2596
3007.8
2583.4
2573.2
2609.1
2736.1
2812.4
2658.1
2738
2662.2
2401.3
2489
2661.2
2396.3
2581.8
2730.9
2713.6
2900.9
2801.2
2666.2
2727.2
2602.8
2829
2622.7
2783.5
2728.4
2839.8
2619.5
2811.8
2916.2
2836.8
2851.6
2759.6
2868.5
2924.4
2786.1
2417.6
2542.4
2590.8
2785.8
2707.1
2534.8
2630.3
2699.5
2755.4
2785.7
2162.5
2281.8
2579
2612.3
2638.4
2841.6
2763.5
2747.8
2773.8
2634.1
2702.7
2549.9
2713.4
2579.3
2686.3
2862.1
2625.7
2436
2810.4
2888.9
2770.7
2564.2
2671.9
2796.1
2789.5
2664.6
2758.6
2884.1
2705.7
2953.3
2806.8
2787.3
2801.9
2576.8
2762
2998.5
2790.1
2869.7
2730.4
2358.4
2539.2
2833.6
2557.6
2739.7
2824.4
2864.8
2753.9
2474.4
2730.4
2400.9
2599.1
2904.8
2666.7
2743.4
2739.5
2711.6
2649.4
2491.2
2461.8
2653.6
2897.1
2876.4
2622.7
2776.3
2888.8
2541.7
2560.7
2632.4
2609.1
2815.5
2538.7
2875.6
2724.8
2788.6
2735
2817
2741.6
2681.7
2609.8
2755.8
2725.8
2625
2921.3
2911.9
2772.6
2786.1
2935.2
2878.2
2883.8
2782.1
2794.9
2654
2743.8
2547.2
2558.1
2602.4
2418.8
2679.1
2638.4
2567.7
2714.2
2657.3
2748.8
2684.5
2581
2346.8
2604.9
2379.1
2574.3
2671
2277.7
2777.2
2383.6
2635.1
2506.7
2333.2
2652.6
2619.5
2652.8
2417.4
2808.2
2556
2937.5
2946.5
2751
2811.2
2673.2
2922.4
2857.8
2712.2
2917.3
2337.2
2798.2
2652.8
2399.8
2630.8
2607.4
2765.8
2812.6
2519.4
2861.2
2767.3
2128.5
2782.8
2843.9
2787.4
2731.6
2869.3
2595.9
2875.2
2803
2722.9
2804.8
2696
2899.1
2820.1
2630.5
2803.5
2809.4
2799.7
2857.2
2994.8
2943.4
2739.9
2723.1
2732.9
2951.3
2889.2
2784.4
2909.2
2889.5
2829.8
2859.8
2986.7
2495.2
2737.9
2794.5
2793.5
2513.5
2757.1
2535
2574.8
2617.2
2800.5
2779.7
2598.5
2746.3
2822.7
2893.3
2893.4
2897
2913.4
2434.5
2766.8
2445.1
2840.4
2825.9
2522.1
2750.4
2493.3
3062.2
2684.1
2640.7
2669.3
2532.1
2885.7
2903.1
2889.2
2645.6
2596.5
3032.3
2695.7
2838.1
2576.7
2466.2
2758.5
2765.1
2663.7
2870.5
2686.8
2873.1
2646.5
2675.9
2644.9
2806
2720.2
2721.1
2726.4
2962.5
2617
3000.6
2735.7
2587.3
2557.6
2752.8
2757.6
2669.3
2693.8
2786.8
2768.6
2834.1
2366.5
2259.6
2730.6
2340.1
2756.8
2657.7
2249.5
2695.9
2925.9
2891.4
2978.8
2923
2548.7
2568.4
2637.5
2555.4
2797.9
2753.4
2402.1
2705.1
2432.4
2686.2
2662.4
2585.5
2507.4
2593.9
2622.9
2557.9
2282.8
2927.3
2891.4
2868.3
2991
2852.6
2694.6
2944.8
2740.7
2900.9
2833.1
2787
2981.8
2722.3
2740.4
2812.4
2822.5
2589.6
2718.2
2704.1
2061.8
2762.8
2762.7
2850.7
2469.4
2774.4
2728.6
2853.5
2599.4
2694.8
3042.6
2926.3
2890.6
2807.6
2932.6
2964.8
2715.8
3001.8
2750.5
2921.8
2834.1
2901.8
2526.3
2826.3
2882.4
2553.3
2765.9
2674
2716.5
2675.9
2645.1
2540.5
2551.5
2450.1
2499.7
2580.5
2522.3
2515.2
2644.2
2608.1
2567.5
2625
2551.2
2466.9
2723.9
2653.1
2384
2479.6
2618.5
2554.5
2701.9
2558
2604.4
2485
2483.8
2636.3
2568.1
2826.9
2555
2841.8
2801.4
2559.4
2316.6
2719.6
2675.8
2605.2
2303.6
2335.1
2198.4
2675.2
2808.2
2760.7
2758.9
2789.8
2969.1
2611.2
2497
2751.2
2772.7
2514.3
2795.6
2936
2668.9
2734.8
2577.1
2595.9
2831.8
2682.2
2744.3
2922.7
2474.5
2836.2
2730.7
2706.8
2807.5
2568
2595.5
2658.9
2754.7
2889.1
2531.5
2881.3
2813.1
2858.9
2713.8
2600
3058.1
2737.8
2977.9
2893.2
2830.9
2798.7
2861.6
2685
2817.8
2817.5
2746.4
2834.7
2545
2891.1
2807.4
2702
2613.3
2742.3
3011.5
2615
3028.5
2553.8
2288.8
2751.3
2878.7
2872.4
2579.5
2374.5
2655.2
2662
2399.2
2539.8
2583.3
2505.9
2602.5
2465.2
2413.3
2623.9
2657.7
2863.5
2716.6
2661.4
2846.7
2786.2
2939
2902.8
2519.3
2719.5
2730.1
2941.7
2587.6
2827.5
2724.7
2447
2760.5
2869
2915.7
2863.9
2658.9
2459.9
2697.3
2773.9
2783.1
2966.7
2793.3
2840.6
2756
2668.8
2954.2
2536.4
2965.8
2588.1
2868.3
2765.3
2903.4
2466.1
2644.1
2427.6
2627.5
2700.8
2837.5
2431.6
2573.6
2514.2
2405.1
2538.6
2710.9
2750.5
2593.1
2398.3
2524.1
2888.5
2803.5
2951.9
2845
2727.9
2720.3
2832.4
2708.5
2537.6
2485.2
2650.1
2932.6
2802.5
2584.7
2568.6
2646.1
2867.2
2544.6
2832.3
2813.4
2582.6
2763.1
2823.5
2952.6
2994.2
2703.3
2507.8
2831.7
2349.5
2502.7
2679.5
2714.9
2624.7
2745.8
2984.3
2793.9
3002.3
2841.6
2847.4
2702.8
3133.5
2795.4
2795.7
2746.9
2835.7
2980.1
3002.2
3031.8
2679.6
2584.5
2811.4
2973.6
2939.7
2806.9
2877.3
2811
2624.3
2702.7
2593.2
2606.9
2596.8
2920.5
2581.1
2717.9
2448
2729.7
2716.2
2563
2727.9
2581.9
2790.3
2722.3
2658.1
2745.6
2933.4
2829.6
2903.8
3020.4
2647.3
2774.6
2838.5
2687.8
2863.2
2994.6
2767.3
2785.7
2927.4
3028.8
3014
2649.5
2720.2
2857.4
2840.4
2786.5
2962.7
2802.3
2776.6
3072.9
2804.1
2935.5
2944.5
3019.4
3004.3
