1520.1
1747.4
1707.9
1269
1393
1527.4
1553.1
1524.5
1640.6
1486.2
1673.9
1660.7
1329.1
1446.7
1534.3
1465.7
1447.4
1465
1680.7
1632.1
1563.7
1351.5
1620.2
1373.3
1521.7
1537.3
1363.8
1398.5
1525.4
1364.6
1234.1
1249.1
1459.4
1516.8
1138.4
1474.8
1453.4
1263.9
1412.7
1489.7
1672
1776.6
1817.9
1249.2
1246.2
1394.6
1530.8
1439
1474.7
1293.9
1443.4
1402.1
1376
1333.5
1372.3
1383.6
1389
1099.1
1250.7
1486.4
1461.1
1378.2
1696.8
1392.2
1332.9
1376.9
1461.2
1462.1
1455.4
1301.5
1457.7
1340.7
1414.4
1319.7
1476.5
1634
1538.7
1436.9
1446.7
1518.7
1369
1443.7
1396.9
1478.7
1571
1392.5
1523.3
1448.4
1986.1
1862.6
1299.9
1740.5
1156.5
1209.7
1321.6
1103.7
1248.4
1222.5
1392.1
1304
1563.2
1489
1519
1546.4
1539.3
1199.2
1678.7
1531.7
1243.2
1513.2
1232.9
1220.8
1335
1228.6
1333.8
1188.4
1366.3
1597.8
1609.6
1210.1
1329.2
1487.4
1505.9
1553.6
1425.7
1290.4
1254
1426.4
1447.1
1455
1465.9
1298.4
1225.9
1187.4
1169.1
1279.2
1433.8
1222
1453.1
1464.7
1299.4
1176.8
1349.3
1386.8
1566.6
1509.3
1474
1354.7
1245.4
1496.8
1422.7
1483.6
1388.6
1305.3
1434.8
1102.7
1209.9
1159.9
1449
1330.3
1384
1225.5
1201.3
1227.5
1416
1617.3
1593.2
1267.2
1486.5
1592.6
1237.4
1278.2
1374.5
1699.9
1269.3
1275.5
1576.7
1604.1
1598.6
1614.7
1272.5
2108.7
1391.7
1359.6
1161.6
1208.6
1112.8
1384.7
1460.6
1381.5
1400.3
1347.2
1437.6
1285.9
1540.1
1446.5
1379.1
1238
1007.4
1205.6
1355.1
1554.9
1520.6
1760.1
1741
1515
1640.8
1488
1436.9
1534.3
1496.2
1422.7
1463.2
1399.7
1357.6
1353.6
1455.1
1565
1513.2
1521.3
1487.5
1426.2
1332.9
1315.7
1478
1293.8
1491.5
1326.2
1286.9
1459.5
1585.5
1290.1
1384.7
1292.4
1218.8
1362.8
1323.6
1395
1435.5
1332.5
1411.4
1269.5
1284.2
1373.7
1418.8
1475.2
1368.2
1371.4
1302.1
1446.1
1315.9
1587.2
1577.8
1588
1634.3
1825.7
1706.6
1447.6
1379.4
1238.4
1635.6
1475.5
1434.1
1280
1456.7
1509.8
1250.7
1415.1
1354.4
1671.8
1428.7
1479.8
1499.2
1637.9
1542.1
1454.5
2000.7
1405
1327.2
1666.6
1643.2
1592.8
1514.9
1586.9
1424.7
1728.9
1931.7
1729.5
1410.3
1357.2
1428.1
1324.1
1488.9
1792.5
1550
1568.3
1535
1242.4
1516.6
1551.2
1222.6
1635.7
1463.2
1431.9
1460.2
1389.9
1417.3
1808.6
1478.6
1438.5
1520.3
1522.2
1487.9
1454.7
1393.4
1518.2
1474.2
1494.3
1401.1
1320.5
1561.1
1575.6
1642.6
1544.1
1786.6
1442.4
1386.6
1678.5
1530.7
1688.8
1698
1633.1
1499.3
1457
1743.7
1599.3
1483
1652.8
1523.9
1393.3
1439.4
1496.5
1616.2
1717.6
1703.3
1628.4
1900.5
1564
1587.6
1608.1
1702
1240.9
1386.5
1477.4
1674.5
1474.9
1460.3
1363.6
1486.1
1472.7
1427.2
1355.9
1602.2
1615.4
1497.8
1374.4
1481
1831.9
1330.8
1461.3
1373.9
1557.1
1388.6
1462.2
1539.5
1566.9
1382.5
1411.4
1643.6
1212.5
1352.8
1458.3
1505.9
1529.4
1464.6
1500.7
1205.7
1463.8
1684.2
1457.1
1345.7
1344.2
1412.4
1435.7
1536.7
1256.4
1606
1628.9
1464.4
1512.7
1657.9
1479.6
1308.6
1614.1
1583.5
1476.8
1512.5
1512
1500.5
1359.4
1527.1
1545.3
1680.8
1275.7
1469.1
1548.1
1601.8
1456.4
1386.7
1358.4
1474.2
1326.8
1680.7
1263.3
1803
1277
1561
1583.8
1516.8
1615.4
1317.5
1360.5
1302.9
1289.6
1247.3
1373.6
1377.4
1386.9
1356.2
1515
1392
1099.4
1314.1
1475.8
1272.3
1359.6
1475.7
1480.4
1859
1575.7
1537.5
1603.1
1560.3
1543.7
1330.9
1509.2
1493.3
1492.9
1564.8
1631.1
1426.8
1175
1366.3
1456.7
1535.6
1236.7
1712.1
1419.4
1316.2
1283.8
1446.1
1498.3
1822.2
1955.5
1562.5
1844.3
1606.9
1674
1704.2
1584.1
1648.2
1527.2
1449.9
1771.5
1591.6
1601.8
1576.1
1814.8
1675.5
1625.4
1547
1382.1
1481.4
1664.9
1386.2
1497
1545.2
1693.8
1516.7
1648.5
1697
1670
1749.9
1668.5
1495
1586
1680.9
1623.1
1656.1
1439.8
1477.7
1506.6
1582.9
1683.5
1929
1598.9
2008.4
1841.4
2093.3
1788.9
1764
1790.3
1973.9
1624.3
1799.3
1691.9
1728.6
1830.7
1659.6
1940.7
1733.7
1964.8
1662.5
1896.5
1613.3
1571.6
1576.6
1558.5
1727
1440.4
1689.5
1383.5
1513
1504.2
1500.4
1431.3
2169.3
1745.2
1634.5
1333
1567.3
1616.2
1423.7
1653.5
1610.6
1548.5
1796.4
1789.4
1913.6
1886.8
1820.8
1873.5
1888.5
1471.3
1652.2
1471.7
1342.7
1352.7
1614.6
1488.8
1757.7
1842.3
1679.7
1722.7
1711.4
1472.3
1489.4
1817
1658.8
1631.9
1634.2
1562.9
1453.3
1663.3
1648.7
1374.5
1603.8
1460.6
1570.6
1786.4
1889.4
1767.8
1708.1
1851.8
1903.1
2099.1
1713.1
1623
1704.3
1662.5
1633.4
1689.8
1658.5
1695.6
1880.7
1674.3
1466.2
1603.5
1816.4
2057.1
1728.5
1780.8
1753.1
1778.5
1635.2
1756.9
1758.2
1790.6
1912.1
1762
1779.3
1669.5
1874
1721.3
1670.7
2131.5
1652
1696.9
1698.2
1803.8
1718.5
1658.7
1593
1594.9
1969.6
1662.3
1489
1606.1
1690.6
1841
1791.9
1791.4
2251.2
2005.4
2032.3
