2781.7
2778.3
2930.8
2841.8
2709.4
2771.3
2989.4
2729.1
2498.8
2212.3
2445.8
2479.8
2922.5
2205.7
2450.2
2804.2
3083.2
2850.5
2923.4
2711.2
3056.8
2896.8
2805.3
2248.4
2643.9
2510.4
2288.1
2871
2627
2871
2821.4
2322
2639.1
2775.9
2606.9
2814.1
2368.4
2424.9
2636.1
2164
2722.5
2254.8
2798.3
2710.4
2017.8
2179.4
2629.8
2474.4
2062.6
2082.4
3025
2759.6
2703.6
2773.6
2532.9
2756.8
2688
2603.8
2472.3
2789.1
3015.4
2838.1
3120.6
2739.2
2671.4
2673.2
2953.7
2732.5
2549.9
2698.6
2651.1
2560.8
2618.4
2805.9
2843.3
2773.1
2430.6
2622.5
2514.1
2780.5
2527.8
2653.9
3055.3
2347
2880.2
2849.1
2639
2821.3
2855.3
2581.4
2629.8
2984.9
2636.8
2754.8
2987.2
2481.2
2825.1
2866.1
2831.9
2741.2
2940.9
2780.5
2632.1
2862.5
3323.1
2857.6
3014.6
2720.9
2599.9
2722.4
3078.5
2787.9
2943.6
2799.4
3149.8
2812.5
2529.4
2658.7
2778.7
2699.1
2522
2753.4
2923.8
2249.9
2508.4
2576.6
2380.6
2613.9
2564.3
2479.2
2792.2
2544.2
2412.2
2420.8
2588.7
2462.1
3003.5
2601.8
2918.1
2348
2627.3
2554.9
2582.9
2212.7
2608.5
3006.8
2805.2
3023.8
2923.1
3151
3229.4
3045.6
3077.1
3124.3
2989.4
2763
2608.3
2865.3
2648.7
2646.3
3006.8
2506.1
2910.9
2765.4
2833.6
2754.8
2732.6
2784.4
2826
2498.7
2761.3
2716.9
2755.2
2966.9
2648.2
2823.3
2744.4
2642.3
2663.2
2527.3
2668.8
2797.5
2725.5
2667.9
2788.9
2664.1
2816.4
2706.8
2871.9
2545.4
2772
2519.1
2795.5
2437.2
2357.7
2438.7
2143.1
2645.1
2484.3
2457.5
2535.1
2562.1
2444.8
2950.5
2619.4
2610.9
2918.5
2796.1
2746.8
2445.1
2786.7
2879.8
2816.6
2625.7
2744.8
2547.4
2129.8
2875.7
2554.8
2590.9
2529.7
2465.7
2355.3
2563.2
2615.4
2933.7
2495.3
2450.5
2547
2712.1
2950.8
2978.9
2897.3
2794.7
2210.6
2451.2
2804.2
2087.5
2355.2
1950.3
2149.1
2470.7
1980.3
2370.7
2292.5
2290.7
2366.4
2341
2236.7
2296.2
2972.3
2674.7
2586.8
2366.3
2222.5
2372.6
2335.3
2403.5
2150.3
2385.7
2453.9
2269.6
2049.9
2169.8
2177.6
2382.8
2707.1
2524.2
2413.7
2454.9
2488.3
2070.9
2547.9
2534.3
2273.1
2313.5
2093.7
2658.5
2679.4
2494.9
2775.3
2499.3
2500.4
3072.5
3080.9
3196.3
3235.1
3048.1
3037.6
2322.4
2666.4
3049.2
3107.2
2109.8
2514.5
2853.2
2640.5
2668.6
2744.5
2670.2
2509.3
2792.2
2719.7
2833.2
2539.4
2946.3
2730.4
2903.5
2438.4
2775.3
2746.8
2538.8
2903.2
2893.6
2995.3
2662.1
2777.8
2794.8
2722.1
2607.2
2973.2
2798.6
2807.9
2737.3
2801.4
2838.1
3067.6
2775.4
2814.8
2718.3
2726.2
2585.5
2815.3
2654.7
2867.2
2704.9
2577
2565
2673.1
2592.3
2760.4
2771.4
2412.3
1912.7
2497.3
2583.2
2454.9
2592.4
2160.3
2194.4
2273.9
2548.6
2184.6
2156.3
2134.2
2130.2
2292.4
1944.6
2542.5
2762.4
2267.8
2585.6
2454.5
2736.5
2454.1
2679.1
2501.3
2700
2470.1
2173.2
2407.4
2242.6
2284.5
2750
2211
2317.4
2272.7
2349.2
2392
2793.4
3240.6
2958.7
3036.6
2662.7
2790.1
2587
2368.9
2715.4
2395
2486.6
2716.3
2511.7
2824
2598.8
2604.9
2479.5
2692
2610.4
2730.4
2652.6
2519.8
2749.4
2678.3
2654.9
2755.7
2566.8
2594.7
2571.5
2297.7
2639.8
2650.8
2402
2569.1
2912.6
2485.4
2106.3
2349.9
2577.2
2455.4
2383.7
2569.7
2893.9
2329
2307.6
2105
2749.6
2502.2
2543.4
2527.8
2689.2
2504.1
2639.5
2408.3
2602.3
2467.4
2642
2135.4
2567.4
2317
2641.6
2091.7
2289.3
2421
2628.3
2411.1
2453.4
2538.5
2881.9
2594.3
2505
2511.7
2564.1
2999.5
2813.7
2874.6
2966.2
2243.7
2558.8
2602.8
2688.7
2813.1
2794.7
2598.4
3049.9
2627.6
3145.1
2739.2
2777.8
2902.7
2479.7
2561.1
3018.7
2936.9
3353.3
3124.1
3081.9
2897.4
2695.7
2940.2
2565.2
2787.2
2974.1
3015.4
2941.7
2888.2
2817.6
2768.9
2389.5
2409
3169.8
3113.8
2946.5
3001.9
2928.7
3065.3
2891
3240.1
2968.3
3120.2
3193
3107.5
2835.8
3062.5
3155.2
2927
2692.7
2666.4
2614.9
2735.5
2747.8
2623.1
2543.7
2946.1
2969.4
2857.6
2733.8
2474.6
2448.6
2920.9
2992.9
2977.6
2745.6
2721.9
2669.9
2542.1
2606.4
2686
2613.8
2653.9
2646.1
2444.3
3177.3
3436
3277
2534.9
2796.1
2739.9
2679.3
3023.5
2853.3
3131.5
3031.4
3053
2874.6
2877.1
