6912.9
6469.1
5806.8
6513.4
5960.3
6188.6
5958.9
5327.3
5252.1
5838.3
6726.5
5862.3
6360.5
5977.9
6375.7
6395.3
6486.2
6275
6237.2
6017.5
6744.4
5763.1
6168
5601.8
5380.7
5147.6
5789.2
5174.6
4928.3
5744.5
5307.3
5748
5668.5
6460.8
6261.5
6043.8
5869.8
5730.4
5641.7
5696.1
5882.1
6247.5
6183.3
6397.1
5849.6
6135.4
6196.6
6569.2
6604.6
6107.6
6240.8
5934.9
6821.5
6537.3
6919.6
6995.2
6584.2
6707.7
5887.3
6795.6
6181
5932.8
5482
5787.5
4509.1
5690.9
5943.6
5875.9
5795.3
6247.8
5593.5
5510.2
5882.7
5835.7
5761.9
6779.8
5531.2
6196.5
5919.4
6684.9
6320.4
6538.3
6197.5
6289.7
6083.3
5709
6558.4
6574.2
6198.9
6132.7
6383.1
6499.2
6340.1
6225.2
6004.9
5867.5
5896.2
6177.6
5922
6961.9
6182.3
6190
6199.7
6812.8
6112.7
6415.4
6282.2
5589.4
5748.8
5591.5
6455.1
6411.2
5911.6
6579.5
6440.2
6015
5703.5
5923.8
6266.9
5907.1
6312.2
5735.4
6015.3
5948
6042.5
5812.8
5792.1
6387.8
6367.1
6237.5
5661.5
5361.9
5865.1
6011.7
5840.8
5932.4
5765.7
5779.3
5779.7
6680.2
6180.8
6372.1
6980.9
6056.8
6067.1
6208.1
5969.1
6173.7
5951.3
5779.8
5980.8
5855
6286.1
6693.5
5885
6274.4
6142.7
5363
5882.6
5987.2
5765.3
5805.3
5817
6420.5
6438.2
6261.4
6514.6
6513.1
6143.1
6678.8
6043.9
6854.7
6536
5744.3
5853.3
5541.6
6194.7
5682.3
6721.1
6622.5
6160.3
6004.4
6333.1
6439.5
6250.9
6009.6
5958.8
6749.8
6114.9
6735.6
6127.2
6840
6454.9
6250.5
6347.9
5754.4
6070.8
6413.2
6657.7
6436.6
6125.5
6540.1
6550.3
6532.7
6196
6218.1
6615.9
6593
6720.2
6658.4
6707
6667
5976.1
6872.7
6086.7
6142.8
6388.1
6430.8
6788.4
5941
6636
6586.3
6630.2
6665.1
5506.2
6173.3
6602.9
6515
6285.6
6368.1
6212
6386.5
6461.9
6167
6376.6
6574.7
6468
6327.5
5770.2
5784.2
5787.2
6503.8
6773
6327.6
6233.4
6544.3
6392.9
5995.2
5955.7
5747.7
5874.2
6223.9
5691
5741.6
6140.8
6234.1
6410.9
6783.9
5878.8
5975.1
5949.9
5694.7
6215
5982.1
6601.5
6613.2
6438.9
6424.7
6685.5
6215.2
6094.7
5937
6531.2
5889.3
6062
6291.4
6577.2
6162.4
6482.6
6545.7
6089.6
6187.5
6130.6
5803.7
6049.7
5918
6080.7
6547.1
6978.6
5990.6
6855
6718.2
6665.5
7189.2
6342.2
6392.4
6411.2
6209.6
6668.3
6043.4
6087.3
6526.9
6120.9
6687.3
6050.1
5410.1
6136.9
6938.1
6114.2
6232.6
6970.7
6060.1
6493.7
4854.7
6036.8
6173
6641.5
6200
6626.8
6235.6
6764.2
6178.6
6683.4
6469
6119.2
6965.4
6458.6
6671.7
6599.6
6686.6
6559.4
6304.3
6336.7
6008.5
6383.6
6447.8
6662.8
6667
6600.1
6221.4
6625.6
6543.3
6313.5
6516.4
6519
5946.6
6609.7
6214.4
6564.4
6435.7
6572.7
6175.9
6957.3
6472.1
6846
6291.2
6222.5
6523.7
6061.3
6221.7
6384
6668.3
6580.7
6498.8
5999
6433.3
6326.3
6490.8
6680.5
6426.1
6261.4
6550.8
6276.2
6671.6
6410.5
5620.6
6533.2
6671.2
5940.7
6207.4
6142.5
6621.8
6408.2
6025.6
6081.9
6197.9
6453.7
6474.7
6061.1
6842.2
6694.9
5971.3
6429.3
6236.1
6205.9
6576.1
6839.6
6819.2
6859.6
6529.9
6642.6
6358.8
6376.3
6278.6
6332.8
5963.3
5769.2
6874
6941.6
6581.3
6599.7
6559.3
6689.5
6380.8
6270.5
7093.2
6830.8
6453.5
6570.1
6373.9
6876.8
6294
6371.4
6344.5
6374.6
6766.7
6281
6571
6398.6
6049
6224.5
6256
6147
6295.2
5619.6
6649.1
6511.2
6448.5
6039.1
6291
6144.5
6504.7
6695.2
6771.3
6359.3
6398.6
6301.7
6049
6074.5
6619.8
6603.9
6889.9
6625
6165
6424.2
6486.9
6362.7
6198.3
6294.4
6680.1
6483.9
7175.6
6551.2
7021.6
6835.4
6848.7
6600.7
6770.1
6674.8
6158.7
6369.4
6309.2
6704.5
6625.6
6121.5
7013.8
6066.2
6567.2
5774.5
6756.4
6566.1
6501.1
6890.2
6859.3
6471.1
6345.7
7181.9
6464.3
6110.8
6423.2
6405.9
6665.7
6693.5
6821.3
6898.6
6988.3
6056.9
6250.4
6697.9
6200.6
6726.3
6670.7
6910.8
6793.7
6835.8
7235.6
6807.7
6804.7
6661.4
7243
7495
7399.9
7364.9
6928.4
6814.9
6703.9
6719.8
7011.3
6488
7439.5
7031.7
6607.3
6363.3
6402.8
5938.5
6963
6370.9
6845.3
7107.2
6703.2
6697
7125.3
7046.2
7295.8
7528.4
7554.4
6821.4
6625.7
6800.9
6774.3
7070
6493.9
7255.6
6920.3
7112.2
6878.6
7404.4
7215.4
6829.9
6997
6375.4
6393.2
7111.2
6409.2
6735
6798.2
6793
6962.1
6922.7
7150.7
6958.5
7499.5
7134.4
7261.8
6720.9
6479.8
7032.6
6940.7
6582.6
7496.8
