3409
3401.3
3294.7
3424.1
3411.6
3319.9
3361
3392.3
3331
3446.5
3509.2
3495.7
3370.4
3340.2
3422
3433.3
3389.6
3541.7
3420
3476.4
3366.5
3305.7
3324.5
3326.5
3364
3342.7
3342.3
3537.5
3424.3
3345.2
3356.2
3383.4
3400.8
3473.6
3329.4
3392.8
3432.5
3468.2
3322.5
3411.3
3388.4
3288.2
3369.4
3361.5
3535.4
3368.3
3380.9
3464.2
3371.3
3305.9
3482.2
3147.7
3304.6
3373.5
3444.6
3416.9
3508.9
3543.5
3330.3
3288.6
3276.3
3468
3386.4
3351.9
3316.6
3512.3
3356
3154
3307.4
3302.2
3365.7
3339.5
3362.5
3299.8
3313.7
3372
3306.6
3398.7
3385.4
3386.4
3342
3460.8
3248.3
3355.5
3395.4
3316.8
3263
3413
3222.3
3392.9
3354
3404
3253.1
3524
3359
3465.1
3214.3
3453.5
3284.3
3309.9
3309.4
3415.2
3449.8
3450.5
3434.3
3417
3380.7
3430.9
3525.5
3439.1
3290.6
3514.1
3342.8
3264.5
3407.5
3320.5
3259.6
3384.9
3493
3278.5
3338.9
3334.7
3357.3
3512.7
3511.7
3330.1
3325.1
3393.1
3289.6
3391.9
3406.8
3334.4
3560.2
3340.7
3252.8
3338.2
3315.8
3164.7
3361.9
3349
3406.7
3340.6
3337.5
3377.2
3352.3
3377.9
3397.7
3464.2
3450.9
3531.8
3373.5
3486
3387.2
3331.2
3390.6
3349.8
3319.3
3279.7
3339.4
3347.6
3258
3497.8
3302.3
3310.3
3326.3
3488.5
3352.1
3516.6
3299.9
3151.7
3340.9
3407.6
3368.4
3380.6
3493
3371.7
3295
3284.4
3301.5
3381.4
3503.1
3474.9
3415.8
3268
3497.9
3571.3
3385.1
3305.5
3268.9
3521.9
3471.6
3453.7
3283.1
3440
3344.5
3300.7
3535.1
3321
3562.9
3516.4
3532.8
3187.9
3336
3496.8
3394.8
3489.8
3508.5
3434.8
3502.5
3468.4
3456.1
3405.7
3546.1
3443.2
3513.6
3480.5
3538.5
3511.6
3289.4
3434.6
3510.1
3284.2
3345.5
3137.4
3301.5
3458.5
3284.2
3455
3300.3
3330.4
3366.3
3281.3
3555.2
3528.4
3387
3346.9
3366
3330.9
3336.9
3407.8
3518.4
3427.4
3328
3530.3
3355.8
3306.1
3328.4
3450.4
3508.7
3417.9
3383.4
3221.3
3271.6
3444.8
3510.3
3492
3504
3333.9
3384.9
3533.9
3404.3
3523
3483.4
3328.5
3287.2
3347.3
3308.7
3367.2
3312.3
3468.2
3495.7
3550
3355.4
3358.6
3231.7
3260.9
3282.3
3507.1
3283.3
3342.4
3532.6
3479
3464.2
3352
3281.3
3303.4
3501.1
3264.6
3575.5
3369.9
3388.7
3204.1
3175.2
3304.7
3283.6
3508.1
3538.1
3507.9
3475
3357
3316.4
3304.9
3378.2
3345
3325
3459.3
3492.1
3416.7
3248.6
3493.4
3286
3367
3364.3
3484.4
3299.3
3551.4
3395.8
3332.7
3317.5
3364
3486.3
3177
3478
3280.6
3399.7
3317.1
3469.9
3535.3
3454.4
3444.4
3213
3295.4
3464.8
3120.9
3371.2
3505.8
3501.3
3231.2
3278.5
3402.1
3371.4
3524.3
3292.4
3416.5
3292.2
3364.5
3531.5
3525.5
3432.4
3337.7
3280.9
3420.9
3321.1
3399.9
3498.6
3547.8
3457.3
3541.8
3485.1
3332.2
3474.9
3442.6
3444
3384.6
3333
3516.6
3554.8
3444.5
3340
3317.1
3561.4
3380.9
3387.9
3376.2
3472.6
3525.6
3336.7
3517
3407.6
3545.2
3462.8
3493.9
3296
3495.6
3358.6
3510.1
3366.8
3373
3341.8
3398.5
3293.5
3337.4
3412.7
3213.8
3389.3
3421.5
3297
3286.6
3201.1
3082.7
3448.4
3485.4
3398.6
3333.8
3467.1
3363.8
3430.8
3437.2
3415.1
3463.4
3211.3
3312
3379.7
3548.6
3247.7
3182.2
3465.6
3405.5
3421.6
3397.1
3523.8
3367.2
3327.9
3373.4
3506.5
3507.2
3356.8
3537.2
3256.7
3548.5
3269.4
3319.1
3448.1
3430.3
3352.1
3429.5
3407.6
3341.9
3538.4
3412
3266.9
3321.2
3318.6
3317.3
3543.6
3172
3423.5
3319
3503
3427.8
3370.5
3352.9
3247
3156.5
3336.8
3496.8
3402.4
3354.2
3198.3
3354.4
3387.1
3545.1
3275.6
3574.6
3533.5
3408.5
3296.6
3533.3
3375.5
3402
3400.9
3294.6
3417.8
3501.5
3365.4
3524.7
3319.5
3343.1
3286.7
3343.7
3356.1
3545.2
3318.2
3473.6
3231.4
3463.9
3461.6
3308.6
3393.5
3227.9
3524.8
3296
3442.7
3288
3103.6
3511.8
3455.2
3509.4
3535.6
3394.4
3257.1
3301.2
3492.6
3264.1
3335.7
3336.8
3485.3
3338.8
3311.6
3492.9
3511.7
3306.7
3465.9
3539.5
3525.7
3241.7
3433
3296.3
3302.1
3266.5
3266.6
3523.2
3431.1
