3395.2
3458.4
3331.5
3322.4
3554.3
3469
3579.8
3487.5
3498.1
3371.3
3426.5
3397.8
3300.4
3388.1
3476.4
3503.4
3489.3
3480.8
3413.2
3444.5
3520.7
3502.7
3334
3410
3558.3
3516.1
3374.2
3408.3
3211.7
3441.7
3362.2
3217.1
3446.3
3225.2
3444.3
3491.6
3454.3
3506.4
3367.3
3454.9
3424.2
3406.7
3440.7
3548.4
3386
3362.1
3353.2
3460.9
3417.3
3490.9
3367.3
3385.4
3424.1
3487.4
3291.8
3303.7
3350.1
3397.6
3473
3418.7
3592.9
3506.1
3437
3431.1
3504.3
3560.9
3301
3342.6
3434.8
3383.6
3562.2
3437.5
3436.3
3429.9
3528.2
3379.5
3351.3
3255.9
3452.7
3454.2
3463
3473.1
3422.3
3365.3
3443.2
3476
3395.8
3554.2
3491.3
3471
3432.5
3412
3420.4
3447
3474.4
3480.6
3499.4
3581.3
3486.8
3489.3
3517.9
3501.9
3590.9
3373
3406
3456.4
3466.7
3591.4
3465.3
3562.3
3410.2
3649
3447.5
3286.8
3428.4
3416.2
3473.2
3487.4
3582.1
3472
3325.8
3425.5
3358.5
3373.5
3466.8
3420.8
3577.4
3561
3393.6
3382.3
3312.6
3400.8
3176.3
3555.7
3429.6
3457.4
3520.6
3377.4
3423.7
3337.1
3566.5
3645.2
3422.4
3564.6
3412.2
3574.3
3465.3
3470.9
3389
3329.8
3413.3
3406.7
3327.5
3346.5
3497.8
3301.8
3410.2
3497.2
3433
3517.5
3446.4
3401.9
3478.1
3421.4
3516.3
3429.7
3445.5
3404.2
3406.8
3398.2
3411.3
3477
3468.1
3539.8
3533.3
3371.5
3425.4
3474.6
3365.9
3415.9
3387
3463.8
3448.4
3271.9
3462.6
3385.2
3351.6
3455.9
3302.3
3282.6
3496.1
3440.9
3553
3412.5
3487.8
3358.9
3497
3368.5
3295.8
3530
3437.7
3498.9
3338.3
3385.5
3522
3381
3482.5
3476.9
3599.5
3474.9
3449.4
3643.8
3391.2
3453.5
3432.5
3477.7
3515
3447.5
3342.7
3440.8
3585.4
3418.5
3439.1
3337.7
3427
3392.2
3425.9
3523
3390.9
3596.9
3451.4
3367.6
3622.6
3495.9
3455.5
3375.3
3437.5
3479.5
3449.3
3494
3615.9
3437.6
3499.8
3371.6
3391.7
3344.2
3430.2
3441.3
3493.9
3565.2
3498.9
3286.8
3470.8
3487.9
3496.2
3293.6
3443.6
3485.4
3625.8
3565.2
3455.4
3278.6
3386
3493.5
3537.7
3474.8
3407.6
3365.7
3471
3549.7
3369.5
3578
3500.8
3535.3
3386.7
3453.1
3561.5
3505.4
3382
3511
3488.9
3414.7
3468
3428.8
3426.5
3491.8
3435.9
3324.4
3447.3
3353.3
3505.4
3449.8
3565.4
3348.2
3339.2
3471.4
3293.1
3458.2
3521.2
3212
3382.5
3411.3
3387.7
3411.9
3454.3
3431
3560.2
3234.9
3459.3
3372.4
3618.5
3443.5
3603.7
3477.5
3452.4
3378.7
3454.9
3429.4
3443
3259.6
3520.7
3383.4
3547.4
3445.8
3460.3
3412.2
3462.3
3571
3502.5
3553.8
3605.7
3565.4
3554.5
3398.6
3370.4
3361.6
3417.5
3454.5
3487.6
3633.4
3522.3
3605.4
3407.2
3371.2
3642
3329.7
3357.6
3380.9
3413.5
3555
3497.5
3582.7
3545.8
3435.3
3548.2
3456
3545.1
3315.3
3434.5
3454.5
3445.8
3436.9
3546.8
3512.7
3574.8
3507.4
3471.4
3430.8
3422.8
3583.6
3604.4
3613.9
3418.2
3431.1
3412.3
3350.8
3385.3
3279.6
3503.2
3200
3498
3469.3
3483.9
3396
3352.7
3407.1
3566.6
3503.3
3364.8
3435
3376.8
3346.2
3471.1
3413.5
3378.9
3437.5
3448.8
3457.5
3488.2
3488.5
3455.8
3603.4
3476.3
3362.9
3397.3
3278.5
3432
3478.4
3551.9
3292.6
3543.8
3474.2
3598.6
3468.8
3348.7
3449.8
3473.9
3449.7
3307
3397.8
3411.2
3366.8
3459.7
3390.8
3484.6
3564.9
3443.5
3404.4
3217.2
3463.3
3432.4
3569.4
3430.5
3290.8
3521.2
3430.5
3465.1
3465.9
3491.8
3618
3531.9
3365.6
3326
3432.6
3556.6
3411.9
3490.1
3274.3
3454.1
3581.2
3432.2
3572.1
3277.4
3308.6
3466.6
3350.5
3418
3471.8
3430.9
3269.7
3612.9
3566.3
3488.5
3457.1
3475.4
3297.3
3433
3410.3
3534.3
3416.1
3553.5
3396.6
3591.7
3473.8
3414
3527.7
3446.4
3444.6
3375.6
3535.6
3400.3
3311.6
3587.6
3214.9
3424.4
3432
3567.1
3532.4
3406.6
3280.9
3602.8
3485.4
3565
3304.8
3468.1
3352.1
3409.3
3404.5
3446.7
3461.5
3461.7
3314.4
3516.1
3526.4
3560.6
3533.3
3518.7
3404.6
3397.8
3416.3
3510.5
3437.1
3351
3490.6
3494.2
3397.8
3409.8
3380.2
3443.7
3400
3377.9
3479.6
3422.2
3275
3412.3
3340.3
3521.8
3442.6
3465.9
3385.5
3371.7
3445.9
3437.9
3394.8
3266
3419.2
3499
3305.9
3436.8
3365.8
3521.6
3524.4
3436.5
3402.2
3375.2
3320.6
3500.4
3431.8
3593.7
3540.2
3336.1
3527.2
3344.7
3462.7
3421.3
3371.9
3408.3
3479.7
3492.8
3466.8
3563.2
3419.9
3282.5
3262.2
3413.1
3511.6
3567.1
3418.8
3456.7
3455.9
3482.8
3407.1
3549.5
3528.2
3488.2
3482.4
3427.6
3574.6
3427.3
3605.6
3466.9
3413
3498.8
3416.8
3476.2
3444.9
3388.1
3579.2
3362.7
3496.4
3575.2
3443.3
3378.8
3469.9
3430.5
3494.2
3501.1
3321.3
3439
3251.1
3337.8
3484
3296
3420.5
3391.7
3585.1
3584.7
3451.6
3603.7
3477.4
3419.3
3531.4
3458.7
3525.9
3389.7
3527.8
3467.1
3486.1
3563.3
3499.6
3478.1
3325.6
3392.8
3392.7
3399.5
3437.4
3368.3
3428.7
3527.2
3246
3368.1
3534.4
3368
3448.9
3527.2
3487.1
3515.3
3417.4
3510.9
3374.5
3573.3
3418.4
3460.3
3547.5
3622.4
3637.7
3493.4
3390.5
3485.8
3383.7
3645.7
3453.4
3442
3316.4
3602.9
3429.4
3342
3498.6
3490.1
3413.2
3365.9
3461.4
3482.6
3389.4
3491.3
3441.1
3454
3562.6
3521.6
3474.2
3371.7
3507.9
3353.9
3535.7
3547
3440.9
3514.3
3600
3549.4
3479.4
3338
3467.9
3470.4
3463.8
3587.9
3381.3
3378.1
3382.1
3390.7
3616.9
3625.9
3486.9
3421.9
3469.3
3490.1
3453.2
3438.9
3302.6
3371.3
3490.7
3395.3
3393.5
3429.7
3354
3511.4
3558.7
3545
3567.5
3551.2
3281.5
3376.2
3365.5
3484.8
3339.6
3363.9
3528.9
3405.1
3442.5
3464.7
3437.9
3536.6
3586.4
3557.6
3346.7
3532.1
3424.4
3567
3556.9
3313
3306.1
3276.3
3352.8
3536.1
3428.7
3390
3403.9
3464.3
3482.4
3627.9
3457.5
3378.8
3524.5
3501.4
3200.6
3349
3301.7
3388.8
3387.7
3601.9
3412.3
3559.5
3394
3392.4
3534.3
3598.9
3421.4
3361.9
3523.3
3410.2
3388.3
3412.7
3389
3575.2
3471.2
3359
3482.8
3258.3
3520.4
3403.6
3415.9
3380.5
3523.1
3518.5
3396.3
3386.5
3318.2
3559.6
3335.7
3465.7
3541.7
3554.9
3606
3583.6
3449.2
3466.7
3272.8
3356.4
3390.8
3279.4
3508
3445.4
3507.3
3509.5
3573.2
3491.9
3492.8
3315.5
3289.5
3428.6
3351.3
3581.4
3561.4
3497.4
3376.6
3372.5
3412.6
3476.9
3383.8
3486.9
3405.3
3349.1
3516.7
3308.7
3343.3
3349
3579.5
3376.8
3564
3453.2
3429.1
3435.1
3537.6
3417.5
3496.1
3438.9
3407.5
3395
3567
3371.2
3420.4
3413
3436.7
3485.5
3381.9
3368.3
3502.6
3311.5
3258.5
3279.3
3311.8
3571.4
3450.3
3474
3594.2
3400.5
3375.6
3603.7
3430.4
3384.1
3522.3
3485.2
3506.2
3433.4
3344.7
3609.3
3499.6
3530.3
3296.5
3426.1
3520.3
3571.3
3418.4
3454.4
3468
3419.1
3337.7
3440.2
3428.5
3431.2
3372.6
3448
3529
3420.5
3392.1
3434.7
3360.7
3303.6
3317.6
3272.9
3469.9
3474.1
3444.4
3607.9
3351.2
3462.4
3400.2
3586.9
3492.7
3378.9
3538.4
3507.8
3589.9
3475.9
3341.5
3432.4
3488.2
3462.7
3385.4
3384.9
3439.6
3305.5
3347.7
3426.1
3421
3491
3512.2
3396.2
3318.1
3591.4
3377.3
3580.5
3246.1
3455.4
3521
3540.9
3524.7
3292.4
3294.3
3408.5
3461.4
3460
3396.4
3283.8
3607.3
3600.5
3606.6
3449
3584.2
3234.2
3446.4
3477.6
3488.6
3364.1
3278.4
3284.4
3464.8
3396.4
3453.3
3434.7
3404.7
3582
3433
3307.9
3553.1
3480
3551.2
3426.9
3517.3
3368.3
3244.1
3464.7
3312.4
3417.4
3515.2
3458
3412
3395.3
3445
3461.8
3545.4
3482.1
3543
3599.8
3225
3476.3
3474.8
3492.2
3427.5
3417
3364
3553.2
3432.3
3523.4
3581.1
3490.6
3343.3
3346.5
3512
3405.7
3431.2
3490.4
3497.6
3336.4
3438.7
3326.8
3407.3
3444.7
3411.2
3499.2
3608.2
3330.5
3559.9
3523.8
3465.2
3454.9
3461.6
3599.1
3378.2
3355.3
3333.1
3477.8
3492.5
3354.3
3309.3
3310.7
3396.5
3425.8
3430.9
3330.5
3403.2
3420.9
3376.8
3395.1
3618.8
3448
3571
3408.7
3535
3455.9
3440.6
3376
3604.8
3574.8
3422.3
3400.3
3607.4
3428.3
3492.2
3341.1
3470.5
3389
3547.7
3279.6
3518.5
3528.4
3574.6
3510.7
3444.7
3570.6
3442.1
3625.7
3580.1
3328.4
3363.7
3392.3
3359.6
3373.6
3532
3453.4
3592.5
3363.9
3465.5
3504.6
