14817
14181
14532
14755
14716
14525
14007
14235
13728
14113
14863
13974
13884
14859
13660
14207
14042
13956
13780
14641
14680
14417
14133
14323
13744
14530
14921
13814
13606
14064
14463
14666
14228
14404
13529
14891
14439
14563
14853
13811
13902
14779
14620
13849
14671
14323
14133
14028
14614
14494
14284
13978
14452
13862
13970
14900
14458
14444
14442
14316
13898
14188
14420
14138
14040
13812
14492
14093
14010
13935
14128
14939
14576
14177
14008
14385
13995
14412
13787
14865
14109
14269
14751
14810
14845
14633
14716
14695
14371
13882
14754
14150
14787
14160
14430
13635
14753
14499
14398
14079
14213
14073
14606
14347
14423
14194
13671
14794
14701
14000
13643
14582
14145
14624
14670
14047
14367
13796
14023
13943
14818
13967
14694
14421
14844
14761
14703
14563
14640
14324
13860
14463
13977
14883
13947
14409
14843
13776
14874
14634
14236
13905
14065
14537
13883
14378
13643
13932
14347
14390
14821
13906
14748
14808
14108
14711
13920
14250
14040
13642
14781
14215
14695
14317
14294
14605
13677
14113
13938
13917
14591
14247
14753
14373
14786
14265
14317
13983
14422
14693
13977
14760
14272
13679
14855
14830
14299
13882
14838
13604
14804
13878
13919
13971
14229
14635
13848
14826
13871
14389
13985
14257
14347
14710
14483
14269
13751
14289
14679
14693
13877
14303
14738
13972
13955
14638
13996
14030
14365
13665
14828
14466
14510
14500
14903
14245
14024
14379
13927
14945
14438
14004
14582
13640
14109
14128
14792
13611
13643
14048
14129
14865
13495
13978
14887
13744
14795
13871
13970
14690
14603
14440
14741
14381
14859
13677
14657
14498
14824
14859
14676
14617
14688
14312
13905
13808
14915
14073
14715
14107
14412
14772
14510
13566
14644
14489
14898
14830
14151
14326
14203
13921
13915
14157
13858
14358
14522
14664
14643
13730
14781
14814
14809
14788
14674
14841
14406
14247
14318
13983
14599
14574
13603
14857
14898
14680
14880
14682
14003
14894
13740
13780
14620
13661
14668
13492
14187
14142
14721
14611
14615
13886
14612
14631
14807
14593
14708
14163
13700
14406
14351
14610
14021
14335
14160
13944
14468
14864
13734
14660
14008
14269
14171
14219
14118
14385
14684
14562
14606
14158
13973
14789
14529
13903
13884
14793
13549
14373
14671
13948
14294
13978
14440
14396
14084
13594
14885
13995
14036
14796
14463
14275
14049
14235
14347
14078
14817
14678
14722
14900
14368
14353
14001
14634
14821
14612
14784
14834
14800
13773
14328
14829
13956
13559
14517
14880
14885
14361
13726
13647
13983
14426
14024
14408
14876
14688
14436
13944
13991
14596
13831
13950
14790
14850
14448
14683
13914
13700
13949
14899
14714
13805
13996
13945
14680
14582
14717
14830
14840
14888
14673
14701
14667
14724
14789
13733
14521
14307
14176
14952
14859
14897
13629
13791
13555
14346
13751
14885
13809
14693
14447
13951
14663
14824
14239
14556
14761
14027
13608
14457
14675
14743
14392
14911
14430
14777
13981
14751
14731
14546
14940
14555
13819
14697
13699
14713
14012
14147
13969
14053
14575
14079
14861
14825
14863
14445
14280
14637
14407
13960
14361
14884
14749
14674
14793
13663
14407
14469
