8817.4
8586.7
8794.7
8157.8
9025.6
8785.1
8407.9
9173.6
8448.7
8475.4
9148.1
8497.9
9078.3
8544.1
8868.9
8833.1
9012.9
8418.3
8559.8
8429.1
8636.6
8741.9
9032.5
8860.4
8606.2
8556.5
8596.1
8645.9
8978.8
8424.1
8530.9
8789.4
8932.4
8758.8
8348.3
8746.4
8724.8
8752.9
8990.2
8995.1
8497.3
8628.2
8413.2
8848.2
9165.4
8165.6
9136.5
8751.8
8896.7
8264.9
8356.9
8556
8837.2
8662.5
8531.1
8920.3
8466.8
8758.2
8657.5
8604.4
8654.4
8377.6
8828.5
8569.3
8482.5
8261.3
8361.6
8355.1
8893.2
8575.3
9189.7
8789.8
8765.2
8572
9087.3
8502.2
8866.9
8280.3
8420.6
7829.2
9008.3
8587.3
8650.7
8512.2
8798.4
9114.2
8790.3
8806.1
8580.2
8321.8
8516
8933.4
9031.7
8963.7
8636.8
8951.7
8484.1
8389.2
8961.2
8649.5
8673.8
8731.6
9112.2
8152.5
8530.8
8470.5
8509.9
9111.8
8670.8
8961.1
9133.6
8626.3
8601.2
9046.8
8792.4
8578.9
8667
8877.6
8466.7
8545.2
8805.3
8802.9
8293.1
8999.2
8710.5
9106.9
8817.2
8645.6
8369.4
8570.9
8734.6
8688.4
9156.8
8905.6
8498.7
9001.6
8681.5
8908.8
8554.3
8690.7
8771.6
8654.8
8805.2
9127.1
8295
8935.3
8899.1
8850.8
8975.8
8563.3
8456.6
8180.3
8739
8786.2
8973.2
8586.9
8433.5
8460.8
8388.8
8792.5
8792.9
8855.1
8727.3
9051.2
8878
8748.2
8945.5
8640.4
8565.1
8926.4
8372.8
9059.7
8876
8543.3
8603.7
8576
8869.9
8523.5
8605.5
8812.9
7949.8
8823.3
9011.6
9046.2
9019.9
8679.7
8657.4
8456.7
8544.5
9052.8
8417.5
8903.8
8987
8547.3
8528.3
8618.1
8633.5
8973
8519.4
8437
8319.2
8429.1
8720.4
9101.2
8707.1
8585.4
8843
8829.5
8491.6
9051.7
8646.8
8817.9
8617.5
9054.8
7676.5
8547.5
9031.5
9098.8
8883.9
8760.2
8798.6
9058.6
8477.1
8349.7
8630.8
8622.7
8731.2
8854.6
8419.8
9029.5
8480.6
8941.3
8860.7
8492.1
8554.9
8805.5
8350.6
8560.7
8787.6
8532.3
8941.5
8454.9
8934.9
8372.1
8167.9
8375.2
8501.2
8545
8946.5
8915.7
8860.7
8776
8544
9034.8
8983.4
8949.7
8346.4
8632.1
8718.4
8700.1
8840.2
8740.3
8676.3
8836.6
8671.3
8674.7
9143.5
8702.8
8472.1
8895.5
8469.6
8955.1
8756
8784.7
8497
8807.4
8631.6
8794.4
8747.8
8458.6
8490.6
8666.8
8393
8574.9
8332.8
8789.7
8512.5
8547.8
8507.6
8804.6
8819.2
8790.4
8669.8
8624.9
8971.5
9041.2
8557.2
8789
8539.4
8438.5
8699.1
8729.5
8975
8540.3
8838.3
8873.1
8599
8301.3
8843.7
8137.8
9015
8257.4
8225.3
8832.5
9045.4
8875.3
8855.2
8639
8619.9
8493.8
9026.9
8548.4
9044.7
8971.5
9075.7
8269
8620.3
7693.5
8455.5
8590.6
8806.1
8694
9084.7
9053.1
8631.1
8901.2
8936.7
9166.9
8285.1
8911.2
8272.6
8239.7
8229.6
8676.7
8574.6
8184.2
8644.8
8512.5
8799.6
8496.1
8150
8533.2
8451
8476.6
8386.7
8581.2
8743.8
8887.2
9077.1
8624.4
8466.2
8632.1
8540.4
8757.3
8660.4
8859.7
8505
8800.9
8056.5
8477.6
8082.2
8645.2
8694.6
8806.7
8490.9
8819.8
8362.7
8586.1
8623.6
8532.4
8797.7
8681.2
8403.6
8503.2
8896.4
8571.7
8399.4
8924.6
8766.2
8474.4
8552.4
8983.1
8730.1
7959.3
8615.8
8983.3
8615.5
8898.5
8807
8573.7
8552.8
8768.1
8876.5
9125
8430.8
8634.8
8842.2
8253.7
8827.4
9028
8533.5
8350.1
8593.2
8462.7
8801.7
9136.9
8315.7
8231.3
8646.9
8501.6
8875.3
9026.4
8764.6
9120.7
8880.7
8847.7
8604.6
8080.8
8315.3
8609.8
9047.1
9031.2
8695.1
9172.5
8598.5
8646.8
8159
8869.7
9067
9148.6
8173
9228.2
9012
8377.1
8917
8838.3
8431.2
8523.5
8450.1
8543.9
8816.3
8574.3
8599.7
8394.6
9058.8
8594.5
8344.4
9019.6
7751.5
8861.6
8761.2
8647
8583
8131.2
8536.8
8415.7
8836.8
9113.9
8396.4
8365
9117.4
8693.1
8387
8613.4
8680.3
8008.6
9061.5
8847.9
8541.3
8468.9
8637.7
8850.7
8843.4
8147.1
9095.7
8460.7
8431.2
8568.9
8697.2
8627.4
8318.5
8587.5
8600.8
8412
8389.4
8377.5
8666.7
8868.7
9006
8654.6
8799.3
8676.8
8593.4
8906.5
8610.7
8569
8439.6
8889.6
8663.1
8740.4
8788.3
8439.1
8862.8
8762.2
8608.5
8975.4
8182
8967.3
8908.4
8639.9
8392.4
8768.5
8432.6
8544.7
8216.2
8643
8406.3
8547.4
8853.9
8813.4
8562.1
8595.9
8602.9
8628.9
8907.9
8553.1
8233
8873.9
8302.4
8489.6
8444.5
8926.7
8961
8519.9
9084.6
8216.3
8387.5
8415.1
9111.8
8954.4
8995.2
8428
8320.3
8993.9
8533.3
8659.9
8447.8
8621.5
8308
8654.9
8619
8513.9
8547.6
8324.3
8890.4
8538.1
8564.1
8699.4
8589.4
8610.8
9005.6
8862.3
9101.9
8973.8
8790.6
9113.7
9122.4
8800.8
8856.6
8405.3
8896.7
8890.7
8596.9
8733
8901.1
8537.4
8501.8
8439.3
8651.3
8966.2
8564.1
8739.5
8755.5
9135.7
8696.7
8426.8
8599.7
8463.8
8899.4
9058.6
8799.4
8846.6
7804.9
8628
8855.6
8599.6
8660.5
8844
8846.4
9134.6
8333.2
8720.7
8972.8
8620
8452.2
8702.3
8875.7
8783.5
8537.3
8634.7
8515.2
8840
9085.1
9108
8833.8
8498.7
8878.2
8225.8
8331.7
8554.8
8630.4
8260.3
8634.3
8498.8
8914.7
8938.7
9058.5
8303.3
8490.3
9092.9
8615.1
8595.7
8555.3
8955.3
8881.3
8575.2
8330.7
8263.8
