27947
29019
28413
26602
27222
28895
28124
28369
27924
27930
27895
28511
27569
28007
28298
27660
28754
27736
27111
27862
27893
27130
27871
28416
28256
27679
28567
27959
28580
27912
28240
27567
27794
26605
27979
27417
28085
28603
27780
28229
27839
28042
28364
27314
27028
28030
27350
27668
28057
26836
27363
28403
28740
28663
28459
27980
29244
27683
28045
28640
28046
27640
28728
27415
28065
27813
28078
28617
27384
27555
29242
27637
28769
27756
28206
28088
27717
28327
28035
28868
27603
28416
28537
28523
27605
27783
27879
27503
27875
28364
28432
27588
28591
27202
28078
27886
27996
27328
28506
28073
28565
28130
27814
28196
29398
28400
27645
28602
28473
27367
27751
28053
28530
28164
28626
28305
28239
27469
28526
27971
27345
26740
26830
28285
29101
27719
27239
29089
27152
27695
27813
27890
27314
28441
27731
27836
28508
28616
28064
26323
27399
28093
27696
27737
27416
27311
27827
27280
27409
27829
28614
27911
27550
27896
27896
28007
28205
28211
28432
28740
28536
27335
28136
28288
27575
28317
26319
28164
27627
27935
27305
28523
28765
29327
27923
27230
27865
28076
28004
27303
27398
27655
27865
27387
27286
28161
27252
28508
28128
27406
27659
27627
28098
27429
27990
27429
27918
28176
27834
28037
28847
28990
28700
27829
27709
27705
27665
28638
28622
27594
28076
27661
28117
27293
27520
27523
27790
27947
28029
29167
27362
27942
28336
27090
27773
27929
28081
28236
28353
26951
27887
28566
27838
28376
28968
28881
27935
28697
27646
28471
28161
28642
27484
28637
28224
28018
29192
27915
27057
28250
27375
27781
27777
28140
27497
27495
28631
26938
27195
28247
28046
28378
27873
28123
28129
27468
27255
29378
28480
28405
28054
26274
28126
28399
28265
28159
27731
27680
28811
28457
27657
26448
27715
27956
27758
28036
27181
27239
27531
28386
27390
27728
27947
27129
27572
27286
27043
26745
27898
27346
27920
28066
27913
28129
27674
28997
29053
27980
26741
28379
28590
27887
27948
28654
27721
28505
26456
27089
28467
28140
27928
27811
27280
28083
27727
28130
27196
28307
27908
27943
27719
29264
26592
29217
28617
27497
27854
28515
29166
27895
27761
28748
26832
26789
26765
28523
28339
28148
28058
28611
27638
29044
27947
28697
27634
28416
28558
28251
28661
29234
26981
28157
26822
28723
28560
28248
28070
28238
28489
28444
29056
27351
26946
27931
27283
28086
29055
27446
27910
28166
28086
27577
27875
27083
27504
27675
27892
28624
27440
28576
27401
28322
28625
27476
27961
28841
28734
27771
28354
27953
28152
27620
28057
27209
28717
28175
28236
28190
27379
27615
27030
27758
28683
28631
28713
28232
28138
27703
27302
27121
27721
27630
29227
27551
28405
27756
28433
27031
27352
27506
27877
27623
29016
28524
27376
27868
29129
27151
29051
27448
27055
28332
28114
27151
28447
28189
27629
27061
27643
27580
27963
27477
27656
27770
27406
28250
27768
28549
27908
27791
28236
28211
27253
28611
27982
29237
28177
27736
28353
27740
28869
27612
29052
28005
26853
28411
27523
28726
26497
28477
27567
27277
28480
26790
27994
27927
27979
28957
29095
27807
27730
26994
28460
27490
27014
28155
28251
27281
27915
27313
27881
27635
28034
26957
26916
28061
27527
26615
27318
29152
27551
27681
29048
28478
27382
27434
28001
29225
28589
27977
27178
28455
26673
26999
26818
28577
28147
27235
27621
28297
27072
27505
27914
27139
27065
27869
28598
26307
28139
27066
27528
27213
28546
28542
28242
27841
27490
27645
27356
27762
27415
28675
28230
28229
28837
28574
28214
27289
28605
27726
27746
26795
28286
28055
28530
28222
27794
29050
27676
28873
28021
26967
28436
27213
28052
28560
28234
26735
28442
28005
27751
28970
27025
27754
28848
29043
28471
28196
27889
29161
27631
28211
27134
28336
27405
27921
28007
28325
27409
28175
28290
27735
28420
27572
27988
28110
26708
26814
26762
27741
28094
29133
28311
28385
27123
27490
27921
27939
28618
27265
28109
28549
28268
27917
26722
27418
27088
27538
27686
27573
26614
29047
27541
28367
27696
28450
27678
28547
27191
28320
28210
26941
27638
28368
29246
27623
27256
28089
28398
28969
26596
27367
27265
27181
27891
27915
28463
28541
27689
28069
28056
28139
28200
28313
28416
27144
28018
27334
27234
27763
27395
28242
27360
28080
27896
27908
27155
28187
28444
28448
27466
27904
28112
27779
27499
27657
27731
28920
28136
29343
27869
28439
28309
27571
27323
28025
27962
27917
28297
28218
27279
28562
27767
28067
28007
27794
27125
27414
27632
28545
27097
28509
28468
27129
27328
28371
27419
27689
27682
28423
27423
27828
27756
26891
27174
28113
28023
27855
28018
28027
27119
27955
28260
28079
28078
27650
28276
27737
26712
28153
27227
27482
27467
27941
28185
29040
27493
28060
27529
28215
27974
28122
28011
27603
27832
26983
27704
27337
28620
27706
27468
27628
27075
27793
27052
27032
26598
28531
26695
28581
28317
28187
27504
28084
27163
28105
28058
27075
27681
27428
28096
27826
27101
29233
28075
29038
27607
28255
27178
28511
28786
27478
27779
28153
28444
27907
27960
28289
28070
28761
28393
27441
27622
28132
27119
29131
29227
29227
27394
28603
26597
28197
27987
27749
27651
28447
28709
27337
29160
27812
27931
27857
28170
26527
27478
27413
27158
27662
28021
27842
27306
27979
27408
28578
28524
28267
27479
26286
27707
28559
27833
28194
27753
28928
28799
27296
28624
27632
29259
27923
27987
28635
28481
27609
26701
26897
28106
28321
27760
28021
28077
28492
27023
27083
27355
26623
28543
28097
27662
27637
28080
27757
27256
27186
27795
28841
28336
27325
27998
27475
27913
28362
28527
28991
27407
26693
27906
27984
27729
27629
28112
28079
27383
26937
29051
28324
28065
28305
26705
27910
27938
27003
27968
28023
27408
28213
29202
28283
28067
29054
28055
26368
27584
28067
27729
27458
28543
28885
27522
28608
28157
28679
28496
27394
28606
27728
27232
28178
26380
28004
27153
28093
27415
28190
27103
28448
28689
28015
28171
27185
28067
27575
27380
27261
28498
28176
27300
29015
27203
27798
29258
28271
28883
27624
27914
29314
28683
27614
27364
28047
27284
27370
28386
28013
27104
28394
27460
28069
28382
27875
27210
26943
27444
28369
27702
27694
26956
28256
27738
27847
27560
28350
28272
28316
29408
28604
28208
27916
27951
29288
28513
26498
26938
28843
27010
26523
28241
26971
28463
28265
27397
27928
29176
26875
28031
27453
27442
28227
28205
28871
27898
28810
27564
28371
27340
28349
27263
27939
27578
29364
28024
28774
27929
27990
28587
27683
28030
27329
27218
27141
29159
27800
28316
28603
27880
28360
28146
27737
28200
26849
28423
27635
28552
27541
27950
28495
26840
27864
28641
27460
28209
27034
26712
28238
27658
28677
28321
27876
28814
27107
27963
28132
27788
28025
28263
28621
29358
27726
28493
27964
28569
27709
28606
27630
28090
27655
27261
26936
27633
28427
28138
27646
27205
27498
28211
28117
28143
28082
27771
27808
27442
26603
27213
27523
27037
27638
28408
28326
27920
28225
28072
28218
27968
29153
28459
27732
28219
27752
27730
28073
27185
27294
28291
28254
27937
27827
26841
26649
27187
27493
28488
26907
27466
28045
27461
28379
28030
28128
28453
27900
28362
27166
28735
27624
28303
27457
27444
26885
27569
29361
27940
26804
28043
28596
27863
28010
28345
27917
27483
27238
29293
27364
28034
27966
27255
27214
27878
28802
27279
26357
29160
27420
27661
27498
27296
27979
27615
28432
27265
27897
28618
27866
28405
28368
27389
27847
28176
28002
28417
28358
28593
28552
27806
27612
27233
27007
27549
27881
27439
27771
28310
27965
28447
27782
29302
26541
27338
27844
28354
28906
28479
28431
27315
27512
27602
27436
27301
27601
27406
28574
28559
27659
27513
28707
26569
27147
27827
27651
28667
27686
27782
29411
27455
28180
28956
28043
28401
28072
27310
28308
27405
28050
27852
27335
27131
27327
28025
28483
27019
27396
26874
27338
27953
27282
27940
28246
27957
26626
27632
28887
27470
27688
27947
27827
28135
29352
28735
28014
28295
26791
29238
27846
26752
28133
26639
27383
27828
27859
26467
29295
26845
28231
26948
26939
27452
27705
27520
28148
28518
28158
28082
27430
28156
27250
28480
27807
28346
27771
28032
26755
29170
27528
28131
27786
27674
28767
28718
28283
27881
27274
28553
29061
28227
27766
27375
28025
26975
27871
27771
28214
28660
27460
28243
26962
27604
28953
28496
27173
27128
27863
27811
28061
26613
28057
28093
28438
27793
27730
27651
28451
29234
28730
27330
27550
27756
28450
27637
28540
28049
28054
28121
27629
27989
29290
28087
27784
27124
28223
27804
28474
26936
28711
27506
28592
27834
27828
28247
27061
28728
27515
27977
26954
28209
27765
28757
28343
27697
27833
27039
27415
28658
27458
28377
26436
27670
27778
27330
28577
28870
27266
29302
27563
27699
27841
28270
27867
28179
27311
28348
27873
27936
28636
28069
28570
27076
28275
28922
27789
28071
27052
28597
28274
26844
28203
28324
27200
27756
28376
27364
27517
27452
28448
26933
26367
28378
27946
28138
27979
26915
27437
27048
28241
28313
27325
28569
27985
28244
27641
28370
28565
28167
28281
27381
28408
27180
29241
29161
27547
27584
27434
27653
27353
27927
28172
27063
28074
28663
26901
28166
28251
28602
26410
27850
28432
27765
27366
28380
28378
28146
27311
27757
28257
27893
28383
27957
27783
27904
27834
27087
27890
28221
27834
28944
28501
27535
28023
28632
28313
27161
27619
27570
28654
27392
27989
28837
28462
28397
28401
27947
28363
27230
28057
27432
28676
27863
28027
28503
27052
27047
27870
28110
27219
28265
27606
27546
27785
27757
28322
28314
27996
28135
26505
28050
28648
27975
28496
28531
27392
27442
28405
28544
28481
27669
28052
27690
27612
27349
27146
28090
27045
26902
28313
26735
27866
28076
28691
27275
28506
27186
27199
27879
29200
28284
27826
27645
27893
27035
27517
28694
27909
28554
28235
27603
27377
28649
28283
28173
28520
27376
27424
27210
28115
27371
27076
27685
26629
29063
27179
27569
27592
27310
28276
27508
28045
28332
28308
26755
28636
27955
27859
29104
27889
26990
28430
28202
28549
29288
27606
28862
27564
27208
28275
28268
26671
27092
28354
28012
27330
27250
28750
28209
28745
27336
28217
28446
26951
28061
27371
28432
28352
28136
29012
26547
27822
27682
27309
26811
26834
28427
28086
28519
29295
27244
27994
27518
28007
26807
27042
26932
27292
28471
28186
27972
26535
27198
28048
27482
27503
26612
26506
26991
28701
27461
28793
27669
27166
27786
27367
28656
27840
27302
28030
28256
28416
28356
27806
27893
28004
27496
28212
28139
26713
28548
28609
28667
27418
28083
27712
27874
29403
27917
28533
27606
26454
28152
29022
27858
28176
27808
28363
28458
28326
27392
27785
27694
28095
28349
28300
27390
26958
29300
27478
28132
27480
28198
27266
28109
28781
28465
28434
27880
28158
27392
26460
28995
27037
27643
27196
28110
28158
28852
26836
27172
28450
27182
28246
28516
28073
28634
28081
26623
27209
28162
27396
29035
28217
27911
27421
29190
28384
28501
28611
27878
27904
27468
27556
27901
27833
27333
28468
27517
26436
28150
28267
27163
27070
27589
28182
28070
28616
27480
27638
27591
28028
28228
27276
28049
28660
27448
27666
27535
28541
28582
27248
27620
28100
28397
27568
27257
28026
28593
28604
28025
28485
28491
27468
26764
26746
27797
27645
28954
27871
27070
27661
27720
28093
27832
28216
26834
27810
28413
27950
28164
27785
28921
27849
26973
27708
27149
27746
28425
28055
27677
28368
28145
28312
26787
27448
27558
27836
27671
26883
28122
26557
27849
27436
28107
29159
27987
27257
27459
29043
28055
27877
28169
28430
28838
27817
27820
27311
28032
27640
27618
28458
28186
28561
28171
28207
28029
28255
28290
28641
28296
27229
27804
28302
27469
27282
28009
27529
27053
28419
27755
27300
27654
27954
27689
28593
27160
27302
27860
27334
27641
27854
28071
27515
27163
26948
28876
27935
29094
27887
27477
27013
28269
27910
27711
27859
28317
27874
28020
28423
27643
28813
27651
27794
27729
27914
26479
27178
28038
27643
27599
27477
26900
28529
27778
27231
27922
28027
26860
27644
27487
28518
27212
27386
28045
29104
26922
28319
27244
28990
27410
29038
27778
27498
28056
28190
26787
27757
27999
27380
27602
27522
27929
26982
28347
26395
27981
27193
28940
27924
27733
27604
27193
28953
27833
28567
27197
27951
28377
27715
26968
27936
27681
27880
27739
26745
27809
26966
27977
27583
28225
28538
27788
27426
26442
28177
27716
27134
28165
27441
26555
28165
28035
28622
28273
27709
28306
28273
28727
28296
26358
27720
28680
27513
27879
27381
27576
27308
26988
28474
27352
27228
27770
27385
28319
28012
28472
28150
27841
27272
27584
28352
27012
27841
28966
27795
28547
27019
29004
27062
29104
27629
27647
28122
27897
27387
28098
28280
27367
27480
29094
29028
29424
27112
27985
27837
27183
28418
28184
27511
27847
27821
27095
28116
27910
27224
27229
27870
27211
28561
27417
28423
27914
27965
27654
28770
27094
27151
28356
28461
27222
26491
27390
26460
27719
27327
27249
27897
27848
27751
28454
27366
27429
26813
27710
27556
26592
28852
27660
26651
27860
28895
27665
28354
26478
28687
27761
28885
27919
28254
27072
27619
28209
28585
27473
27221
27924
27373
27794
28520
27185
28344
28332
28434
27954
28348
28178
27353
27303
28056
27538
28390
28089
28159
27474
28295
28326
26954
28041
27378
27350
27263
27800
26626
28402
27779
28036
27689
28125
28129
27193
29406
27697
27977
28686
26958
29165
26909
26375
28407
26820
27839
28122
29042
27875
26667
27821
26571
28351
26940
27510
27598
27719
28023
28071
27168
27693
27777
28378
27985
27598
27611
27855
28007
28381
29334
27038
27506
28017
29104
28036
28558
27981
28615
27100
28002
27805
28234
29493
27576
28109
27137
28201
26589
28383
27731
28296
27227
28475
28032
28264
28871
27126
27218
28047
28010
27398
26391
27948
27816
28422
27916
26907
26851
27826
28370
26972
27618
27153
27862
27077
28373
28537
27283
26591
28652
28559
28203
27984
27986
27436
27608
28913
27496
27806
27956
26824
27235
27062
29283
26369
28197
28185
27871
27764
26577
27294
28048
28254
27325
27917
27539
28482
27826
27935
29385
28362
28104
27924
27755
27864
28041
27798
28148
28453
28247
28155
27691
28043
28631
29141
26968
27841
28419
28547
27050
28665
28313
28202
28421
28340
26799
27913
26417
27873
27308
27485
27834
27844
27357
28156
29351
27090
27403
26877
29153
26186
27830
28087
29157
28850
28080
27437
28333
27073
28404
29005
27664
27676
28040
28005
27417
27982
28136
28510
28570
27794
27967
28353
26743
27910
28245
27422
29194
28067
28604
28391
27681
26382
27740
28211
28678
27664
28599
27646
28550
28737
28146
28034
27974
29122
28696
28094
27664
28985
28280
27709
27751
27789
28053
28077
27918
27924
27260
27046
28113
26930
27653
27391
28284
27083
29104
26815
28146
28393
27655
27178
27222
27913
26795
28023
28078
28178
28305
27989
28160
27140
28805
28354
27452
27180
27272
27343
28459
28119
27556
28344
27897
28974
27507
28790
27765
27410
27157
28424
28241
26952
28123
28252
27456
28297
26694
29365
27693
28205
28378
27386
27901
27661
27446
28507
28776
27639
27183
28433
27738
27709
27528
28351
28017
27321
29070
27533
28060
28282
27518
27156
28675
28081
26555
27841
27383
28526
27952
28651
27134
29379
28550
27936
27721
27541
28524
27654
28396
26364
29490
28057
27888
28110
28621
28062
27710
27966
29221
27371
27888
28198
27090
27887
28212
28535
28532
27618
28624
27249
27960
27590
26951
28725
28457
28459
27348
28747
27304
27730
26893
28518
27071
28921
27950
28520
29134
27260
28060
28479
28437
28128
27940
27939
27308
28231
28180
27061
27282
27925
28405
28238
27717
26939
28600
27523
28332
27565
27427
27707
28375
27910
28262
29292
27807
27297
27385
27030
27734
28343
28437
28724
27476
28255
27792
27773
27663
26978
27266
28180
27023
29023
26715
29201
28066
29161
27659
27246
27991
27796
28190
28040
28227
28105
27325
27425
26733
27837
28542
28262
26783
28273
27943
27497
28314
27346
28015
26311
26675
28600
28841
27764
29403
26912
27657
28368
27730
28486
27266
27797
27517
27350
27189
27835
28681
28097
27947
29427
27802
26402
29047
28111
27270
28629
27841
27575
28615
28450
28242
29359
28104
27445
27536
27719
27203
27112
27209
27735
27997
27850
27171
26979
27858
26349
27893
27591
27312
27799
27606
28611
29230
27179
26683
27640
27656
28098
28010
28179
27682
28768
27877
