6620.1
6273.3
6655.5
6724.3
6608.9
6451
6407
6326.8
6630
6564
6644
6377.9
6772.5
6669.2
6701.4
6586.5
6713.9
6608.8
6248.6
6314.1
6686.4
6627.8
6241.3
6706.9
6706.4
6393
6449.2
6423
6592.6
6352
6731.2
6356.4
6381.3
6436.3
6313.7
6724.4
6704.2
6423.8
6684.4
6741.6
6307.5
6553.3
6515.2
6258.4
6796.3
6355
6691.1
6092.4
6685.8
6372.8
6534.2
6720
6255.3
6283.6
6672.6
6428.8
6395.8
6715.9
6406.2
6407.5
6401.9
6720.6
6730.7
6675.4
6371.7
6159
6280.1
6680.9
6061.2
6234.3
6332.8
6359.4
6335.2
6404.5
6750.4
6363
6331.3
6671.4
6456.3
6210.3
6321.4
6133.3
6366.4
6450.4
6494.9
6752.7
6537.8
6724.5
6368.9
6703.9
6445
6076.3
6679.7
6724
6263.6
6506.8
6746.4
6247.8
6566.3
6712
6234.2
6491.1
6211
6407.3
6695.5
6722.3
6667.6
6603.7
6274.7
6429.2
6648.5
6404.6
6360.3
6617.9
6699.9
6520.5
6343.2
6700.7
6372.8
6459.2
6332
6261.1
6533.3
6675.8
6539.7
6310.4
6714.3
6721.8
6462.5
6683.4
6477
6360.6
6643.6
6136
6395
6514.6
6399
6245.5
6674.1
6652.7
6532.4
6349.2
6705.5
6684.3
6249.3
6373.5
6574.8
6354.8
6292.8
6722.9
6629.8
6397.9
6644.6
6500
6442
6339.8
6164.3
6359.7
6627.4
6543.6
6740.8
6757.1
6738.7
6345.3
6432.2
6345.4
6433.7
6291.3
6742
6792
6351.9
6766
6312.6
6264
6513.2
6749
6272.5
6344.8
6317.6
6165.8
6725.5
6514
6511.3
6254.1
6590.4
6462
6486.4
6515.3
6719.7
6672.1
6400.3
6774.7
6602.8
6573.8
6213.5
6575.9
6358
6759.1
6549.5
6442.8
6376.6
6735.8
6474.8
6430.3
6765
6535.5
6346.3
6317
6482.3
6386.5
6732.2
6736.7
6342.5
6662.2
6288.2
6731.1
6755.9
6394.3
6768.8
6741.7
6630.8
6330.4
6484.7
6743.4
6175.9
6683.2
6341.8
6380.2
6223.3
6507.2
6742.3
6684.7
6365.6
6631.7
6718.5
6686.1
6626.8
6376
6530.9
6584.7
6756
6393.4
6379.7
6231.5
6769.2
6699.9
6578.2
6314
6315.4
6769.1
6616.4
6322.5
6666.8
6729.9
6494.7
6669.6
6601.6
6149.6
6346.6
6746
6702.6
6330.1
6662.2
6578.9
6769.5
6301.5
6606.3
6385.6
6382.8
6743.4
6252.5
6752.2
6690.1
6625
6563.1
6697
6535.9
6626.3
6620
6569.3
6348.4
6711.8
6229.1
6620.7
6643.4
6585.3
6525.1
6737.1
6609
6470.6
6740
6635.1
6537.6
6706.9
6767.2
6394.6
6550.3
6751.1
6491.4
6293.5
6600.7
6335.9
6426.8
6753.4
6710.5
6714.7
6289.6
6335.5
6508.4
6729
6632.4
6387.8
6436.3
6389.6
6714.7
6377
6769
6240.2
6643.7
6651.3
6749.5
6511.4
6323.4
6701.1
6598.6
6768.7
6456.6
6631.5
6380.5
6741
6629.1
6707.2
6271.5
6316.4
6362.6
6474.3
6509
6649
6140.3
6341.2
6600
6684.1
6720.3
6705
6435.6
6630.4
6255
6179.1
6702.2
6413.3
6342.6
6668.9
6560.6
6358.2
6472.5
6611.4
6699.4
6494.1
6275
6525.7
6154.5
6718.5
6465.1
6757.4
6248.9
6736.1
6403.8
6269.2
6700.9
6378.8
6678.7
6563.7
6535.4
6290.8
6628.8
6242.4
6489.1
6512
6478.9
6334.1
6750.2
6678.8
6639.6
6663
6584.7
6547.2
6723.6
6565.8
6640.5
6398.5
6657.9
6639.7
6395.4
6726.2
6450.8
6640.3
6448.3
6653.3
6759.8
6778.2
6419.7
6463.5
6249.9
6540.5
6587.5
6483.4
6519.1
6644.5
6552.7
6676.7
6342.8
6640.7
6520.8
6684.7
6738.3
6560.6
6426.3
6782.6
6665.5
6469.3
6326.7
6615.8
6196.9
6620.7
6281.1
6623.5
6407.5
6679.6
6537.9
6263.8
6470.3
6488.8
6441
6745.3
6472.3
6634.4
6375.6
6663.4
6734.6
6742.4
6556
6099.9
6465.2
6427.3
6553.3
6634.7
6574.5
6779.8
6233
6386.3
6712.9
6365
6258.7
6388
6759.3
6375.7
6696
6510.1
6724.2
6695.3
6689.8
6691.8
6768.2
6369.7
6155.8
6580.7
6286.9
6335.7
6527.5
6510.3
6648.7
6515.3
6635.5
6475.4
6535.4
6771.5
6619.7
6267.5
6700.7
6698.9
6340.8
6360.2
6681.1
6426.6
6678.8
6745.6
6649.7
6310.8
6559.3
6515.7
6464.6
6714
6337.1
6266.1
6720
6731.7
6236.2
6305
6515.4
6375.8
6624
6402.4
6411.7
6373.2
6567.8
6599.9
6455.4
6734.6
6713.2
6643.2
6224
6613.1
6469.3
6593.6
6711
6663.1
6692.5
6698.5
6724.4
6693.1
6645.5
6347
6633.8
6475
6456.7
6438.8
6326.9
6287.2
