6770.4
6622.5
6449.3
6750
6743
6361.5
6423.9
6834.5
6869.9
6578.3
6618.6
6724.1
6677.3
6716.2
6341
6206.1
6763
6752.8
6670.1
6850.5
6761.2
6212.9
6269.1
6183.4
6313.1
6699.2
6505.7
6259.4
6658.7
6821.1
6709.7
6807.7
6808.5
6770.5
6200.8
6704.2
6668
6796.5
6103.1
6055.5
6813
6481.2
6837.9
6365.6
6809.6
6823.4
6821.8
6828.4
6636.3
6667.6
6510.4
6774.7
6811
6634.1
6772.7
6199.1
6625.5
6278.3
6443
6430.1
6652.1
6634.7
6694.5
6309.1
6192
6655.6
6797.5
6835
6735.1
6437.5
6323
6348.9
6181.3
6389.3
6235.7
6391.6
6698.2
6850.8
6811.7
6198.1
6395.5
6131.2
6711.4
6428.6
6269.3
6507.4
6689.4
6774.5
6607.1
6755.4
6649.6
6383.8
6683.7
6329.3
6844.7
6701.6
6597.2
6248.8
6201.6
6840
6321.7
6198.8
6180.3
6347.6
6499.9
6231.5
6460.1
6247.1
6262.1
6317.4
6232.6
6187
6189.4
6642.7
6223.7
6291.2
6310.8
6264.4
6129
6324
6378.4
6165.6
6318.9
6152.2
6305.9
6270.9
6716.6
6661.7
6566.6
6570.3
6825.3
6789.4
6581.5
6443.9
6364.4
6824.5
6837.4
6785.9
6575.1
6512.4
6089.4
6282.2
6265.2
6340.4
6489.1
6499.2
6635.6
6530.3
6795.9
6640.2
6323.6
6421.9
6732.6
6266.2
6257.5
6158
6650.3
6179.8
6189.8
6287.6
6277.8
6375.9
6293.4
6208.5
6250.5
6342.5
6611.1
6833.1
6626.9
6389.3
6490.7
6365.5
6452.2
6144.6
6403.8
6236.5
6363
6810.2
6174.2
6132.2
6655.8
6147.2
6349.3
6243.8
6368.9
6832.3
6132.2
6235.1
6734
6554.3
6560.7
6611.2
6268
6282.1
6303.3
6424.4
6801.6
6565.3
6567
6391.2
6416.7
6808.4
6383.8
6222.7
6279.1
6501.4
6646
6180.8
6322.2
6616.4
6517.4
6768.9
6809.9
6679.9
6604.9
6781.1
6758.5
6805.1
6773.2
6619.5
6558.3
6317.1
6453.4
6779.9
6334.1
6748.7
6442.6
6485.8
6526
6806.7
6436.5
6418.7
6779.3
6775.4
6599.5
6765.6
6893.1
6732
6634.9
6803.4
6819.4
6788.1
6761.1
6474.1
6853.7
6805.8
6484.7
6777.9
6796.4
6179.2
6844
6766
6749.2
6800.6
6810.3
6809.5
6791.9
6848.5
6763.6
6856.3
6793.9
6823.1
6810.1
6790.4
6801.1
6733.3
6809.4
6780.4
6590.5
6827.6
6879.4
6826.6
6825.5
6544.5
6385.1
6818.7
6774.9
6823.9
6789
6839.8
6820.5
6798.5
6790.6
6481.8
6742.3
6607.1
6103
6782.8
6774.9
6850.7
6669.3
6781.7
6794.2
6762.5
6681.1
6753.1
6668.8
6844.6
6808.9
6767.9
6667.5
6818.3
6660.5
6654.5
6718.5
6816
6816.1
6874.9
6824.6
6832.7
6469.6
6480.8
6605.8
6216.7
6379
6367.3
6667.1
6768.2
6770.8
6804.3
6765.5
6785.8
6778.8
6786.1
6740.5
6523.4
6653.9
6844.9
6697.8
6784.3
6783.5
6884.1
6736.9
6810.9
6346.2
6371.5
6806.7
6584.3
6781.7
6519.8
6464.9
6763.2
6750
6760.7
6827
6362.4
6391.5
6706.6
6803
6787.4
6835.4
6756.1
6782.2
6804
6227.2
6498
6673.1
6632.1
6834.2
6753.4
6175.2
6579.7
6369.5
6469.7
6424.8
6814.6
6497.6
6405.4
6356.1
6397.6
6182.7
6208.3
6436.4
6355.2
6311.3
6338.6
6251.1
6352.1
6357.8
6417.1
6380.4
6387.3
6747.4
6761.6
6760.8
6833.9
6580.1
6688.1
6687.8
6810.8
6828.8
6778.7
6786.8
6764.3
6613.3
6814.5
6566
6557.7
6546.4
6544.3
6767.9
6778
6762.5
6731.9
6742.7
6363.5
6440.4
6404.3
6414
6452.8
6822.7
6846.4
6805
6282.9
6243.9
6189.7
6295.1
6369.7
6795.2
6842.2
6650.8
6800.1
6766.8
6699
6599.7
6781.5
6754.1
6578.7
6588.4
6590.9
6601.2
6606.9
6866.6
6785.1
6795.9
6679.4
6623.8
6097.1
6185.4
6252.6
6350
6278.7
6456.3
6433.9
6256.3
6320
6295
6188.5
6300.5
6589.2
6323.1
6581.4
6588.5
6504
6128
6747.8
6867.9
6584.8
6243.6
6400.7
6502.9
6750.5
6263
6230.3
6549.6
6833
6843.6
6815.1
6702.4
6816.8
6543.2
6626.2
6716.2
6742.8
6635
6679.1
6837.6
6790.1
6853.5
6721.8
6210.6
6229.5
6314.8
6607.9
6603.7
6774.5
6745.6
6763.2
6536.6
6607.8
6850.5
6853.8
6807
6639.6
6635.9
6842.5
6775.6
6618.6
6750.6
6745.2
6809.4
6787.9
6195.2
6241.4
6197.4
6872.4
6763
6811.5
6756.5
6636.7
6793.9
6772.2
6794.4
6595.8
6249.1
6812.1
6630
6778.1
6567.8
6819.3
6829.1
6264.6
6374.7
6880.6
6805.7
6799.7
6629.6
6804.4
6707.6
6850.5
6792
6698.1
6424.6
6263
6813.5
6740.3
6761.8
6777.8
6610.6
6420.8
6310.7
6618.5
6835.9
6636.7
6272.3
6772.1
6426.3
6349.5
6284
6525.1
6815.2
6760.3
6514.6
6646.1
6636.5
6319.3
6824.8
6468.6
6580.4
6533.8
6795.4
6470.1
6809.7
6616.8
6810.5
6809.8
6181.9
6592.6
6540.1
6406.7
6387.4
6264.8
6691.2
6244.5
6517.9
6568.6
6831.1
6442
6878.9
6556.2
6747
6786.7
6750.6
6506.5
6668.9
6584.1
6205.1
6136.4
6606.9
6556.7
6578.2
6643.7
6509.9
6775
6773.1
6331.4
6373.4
6805.7
6408.4
6771.2
6812.5
6809.2
6610.8
6240.6
6334.4
6236.7
6422.4
6211.8
6189.9
6835
6647.4
6385.1
6739.4
6394.7
6768.3
6811.9
6716.2
6777.2
6754.6
6556.4
6554.3
6765.6
6758.7
6646.3
6634.2
6649.8
6817.9
6857.3
6677.1
6695.3
6290.5
6671.9
6639.8
6631.4
6778.5
6586.1
6801.8
6774.8
6366.9
6768.4
6786.3
6853
6647.4
6870.6
6830.4
6715
6245.1
6347.8
6776
6806.9
6689.5
6785.8
6760.8
6760.7
6133.9
6229.7
6236.2
6852.1
6818.7
6815.3
6832
6214.9
6354.2
6207.8
6229.3
6740.4
6834.5
6714.8
6790.9
6594.8
6597.3
6826.9
6731.9
6736.3
6621.6
6573.3
6775.8
6797.2
6365.4
6276.7
6780
6437
6793.8
6850.6
6814.8
6791.6
6754.5
6752.6
6817.8
6791.3
6740.8
6608.4
6670.1
6305
6133.5
6707.7
6811.1
6793.7
6327
6374.8
6812.1
6770.6
6743
6809
6433.7
6768.4
6239.5
6417.8
6360.8
6206
6067.2
6497.5
6539.4
6425.8
6659.9
6807.5
6623.9
6682.7
6294.4
6546.3
6526.8
6665.1
6677.8
6798.9
6806.7
6504.3
6536.4
6781.3
6580.9
6656.1
6699.5
6645.9
6619.9
6606.7
6386.7
6448
6825
6829.4
6721.2
6260.5
6794.3
6863.9
6786.4
6780.3
6790.4
6838.4
6889.3
6547.6
6808.7
6781.6
6309.6
6745.5
6749
6737.4
6757.2
6830.8
6833.6
6802.8
6810.3
6619.4
6604
6750.1
6155.3
6112
6331.1
6849.9
6532.9
6649.4
6433.4
6468.1
6746.5
6405.6
6398.9
6812.5
6768.8
6451.3
6382
6800.4
6779
6779.1
6769.8
6796
6885.2
6892.3
6770.3
6235.7
6317.3
6158.3
6383.5
6342.4
6181.7
6263.9
6244.1
6379.5
6815.9
6334
