2914.3
2877.8
2874.2
2931.6
2836.8
2900.5
2832.8
2971.4
2861.4
2793.1
2816.1
2868.9
2864.7
2883.8
2841.9
2996.4
2821.3
2942.5
2828.1
2871.3
2898
2778.2
2855.4
2799.7
2842
2956.3
2822.8
2810.6
2943.2
2891.8
2922.4
2937.4
2901.6
2741.1
2784.1
2833.9
2828.4
2858.7
3019.9
2833.4
2858.7
2893.8
2915.8
2890.1
2873.6
2821.4
2863.1
2816.2
2766.7
2849.8
2854.7
2853.2
2925.4
2873.4
2834.7
2855.4
2850.3
2908.7
2849.8
2769.9
2825.7
2823.4
2825.7
2795.9
2822.3
2887.3
2942.1
2793.1
2813.9
2841.8
2793.5
2844.9
3017.2
2921.6
2867.4
2702.5
2878.5
2912.3
2800.8
2851.6
2847.8
2857.6
2885.2
2841
2831.1
2842.6
2931.2
2808.1
2968
2801.8
2798.7
2825
2849.1
2891.3
2804.5
2840.9
2905.4
2838.5
2891.5
2921.1
2810
2870.9
2996.4
2819
2905.6
2893.2
2891.4
2842.2
2838.6
2886.6
2842.3
2879.7
2955.3
2941.1
2957.3
2923.7
2891.3
2845.1
2864.1
2827.8
2834.9
2880.5
2942.9
2748.1
2917.4
2752.1
2820.1
2807.2
2990.8
2952.6
2983.7
2820.9
2880.6
2847.1
2814.4
2775.4
2820.2
2954.3
2838.4
2860.9
2870.6
2871.8
2768.6
2856.1
2894.5
2865.1
2861.4
2845.7
2882.5
2854.3
2898.2
2826.8
2761.5
2885.4
2865.3
2970.7
2993.4
2838.1
2839.6
2914.1
2766
3008.5
2789.9
2821.2
2764.8
2752.9
2927.4
2875.9
2951.5
2868.8
2826.3
2956.7
2856.3
2855.1
2919.1
2943.7
2846.9
2857.7
2781.1
2858.6
2927.1
2891.7
2877.2
2875.7
2854.3
2919
2794.6
2910.4
2752.1
2908.6
2963.6
2816.8
2841.6
2808.4
2918.3
2801.5
2854.5
2797
2858.5
2866.4
2786.8
2819.4
2853.9
2768.9
2825.7
2927.9
2822.3
2899.6
2991.4
2812.8
2958.4
2841
2808
2825.4
2847.5
2847.6
2943.2
2799.7
2834.2
2784.7
2817.3
2848.1
2952.5
2958.2
2870.7
2812.2
2898.6
2795.6
2810.3
2811.3
2929
2842.1
2968.7
2868
2842.1
2815
2778.9
2926.6
2828.3
2855.6
2814.1
2805.1
2705.7
2911.8
2916.5
2906.1
2971.1
2789.4
2989
2985.6
2915.7
2866.6
2786.5
2831.6
2764.3
2889.1
2829.1
2741.8
2921.5
2752.9
2847.5
3011
2797
3002.7
2872.5
2841.9
2794.6
2797.8
2876.3
2988.6
2895.9
2923.6
2862.3
2887.2
2826.3
2829.5
2832.6
2758.2
2976.2
2937.7
2717.8
2842.1
2862.8
2869.5
2924.3
2921.5
2946.5
2860.7
2909.4
2900.2
2841.2
2832.9
2915.8
2946.5
2875.5
2944.2
2798.9
2863.1
2777.6
2788.4
2849.4
2828.4
2797.7
2929.4
2861.9
2873.8
2785.8
2852.8
2924
2754.7
2904.5
2897.9
2813.1
2897.7
2846.7
2918
2899.9
2791.7
2755
2873.6
2823.1
2873.7
3003.1
2978.6
2766.8
2808
2822.5
2861.4
2957.3
2799.3
2916.1
2883.3
2920.1
2750
2878.9
2950.1
2872.5
2830.4
2899.6
2886.8
2827.7
2752.5
2784.9
2942.7
2835.9
2965.2
2745.5
2950.2
3009.6
2889.6
2823.6
2782.4
2819.6
2841.2
2874.9
2889.5
2892.6
2955.6
2883.3
2664.2
2830.7
2816.2
2791.7
2940.3
2891.3
2879.7
2801.9
2849.9
2821.2
2890.7
2867.9
2857.7
2888
2907.7
2777.4
2864.2
2781.1
2862
2906.8
2982
2901.7
2897.5
2882.4
2872.2
2848.6
2920.8
2793.5
2825.9
2879.3
2879.7
2914.3
2879.2
2837.6
2892.3
2847.5
2843
2745.8
2808.7
2875.5
2769.7
2804.7
3005.1
2862.8
2859.1
2812
2769.2
2829.2
2930.2
2880.6
2875
2983.5
2887.3
3005.8
2952.7
2925.4
2856.4
2941.4
2876.1
2875.5
2886.2
2860.6
2923.2
2731.7
2806.7
2940.9
2781.4
2936.1
2921.9
2866.6
2912.7
2794.8
2883.4
2749.8
2860.3
2988.7
2941.5
2808.6
2661
2997.5
2824.2
2968.5
2805.5
2802.5
2809.2
2915.2
2796.1
2882.2
2809.2
2918.5
2776.9
2983.8
2946.1
2981.4
2765.2
2986
2808
2795.7
2895.8
2883.7
2806.5
2946.9
2868
2879
2826.8
2866
2956.7
2844.7
2871.5
2889.9
2971.2
2902.3
2799.1
2819.7
2866.4
2961
2946.5
2943.4
2837.1
2869.8
2835.5
2866.3
2987
2857.6
2885.1
2830.4
2836.5
2784
2801.8
2948
2913.9
2881.4
2846.7
2769.7
2874.4
2857.2
2824.9
2814.5
2878.9
2934.3
2924.6
2928.9
2839.6
2849.1
2741.4
2850.4
2822.2
2831.1
2874.9
2802.3
2833
2846.1
2886.2
2870
2760.5
2969
2908.9
2860.3
2802.6
2841.3
2858.5
2834.7
2809.2
2862.2
2807.7
2788.7
2833.1
2780.9
2950.4
2843.4
2935.6
2785.9
2857.6
2850.9
2830.1
2884.6
2883
2850.6
2843.4
2886.7
2889.8
2982
2860.4
2758
2835.2
2883.5
2965.7
2767.6
2942.7
2737.9
2830.7
2851.3
2847.1
2999.7
2848.3
2843.8
2866.1
2972.5
2847
2878.7
2785.2
2888.3
2849.2
2834.1
2807.4
2962.1
2814.7
2868.9
2853
2966.7
2959.2
2910
2800.7
2870.6
2902.8
2974.2
2800.5
2787
2983.1
2855.3
2868.2
2748.9
2816.1
2898.1
2698.1
2800.6
2944.6
2810.7
2862.9
2834.5
2868
2948
2928.7
2726
2945.3
2967.7
2909.6
2889.2
2930.8
2866.5
2993
3002.8
2786.7
2789.2
2743.1
2845.3
2953.3
2767.5
2773.1
2894.5
2847.8
2823.2
2792.9
2814.9
2830.3
2980.5
2904.3
2950.5
2913.8
2984
2789.7
2884.4
2875.6
2903.9
2903
2800.5
2767.8
2784.9
2867.2
2932.2
2962.9
2859.2
2872.9
2889.4
2799.9
2873.8
2881.4
2817.2
2787.8
2829.9
2842.6
2930.9
2812.1
2933
2788.7
2953.2
2702
2895.5
2792.5
2850.7
2930.8
2766.7
2806
2895.6
2950
2794.4
2906.5
3005.2
2860.6
2827.4
2749.6
2873.9
2844
2873.7
2822.5
2949.7
2917.7
2901
2826.6
2957.2
2992.1
2906.4
2933.6
2812.1
2817.5
2808.6
2988.1
2846.5
2993
2661.6
2813.6
2964
2868.8
2979.4
2826.7
2853.2
2799.8
2880.5
2819.3
2802.6
2824.7
2749.1
2947.4
2805.4
2765.7
2936.5
2925
2797.6
2760.9
2913.3
2870.6
2905.4
2858.9
2845.5
2899.4
2852.5
2779.2
2943.9
2823.1
2876.7
2820.7
2880.1
2784
2812
2896.6
2788.9
2800.5
2876
2979.8
2952.9
2925.2
2779.6
2860.2
2981.4
2870.7
2867.2
2962.4
2913.6
2796.4
2830
2831.5
2883.4
2850.2
2951.5
2831.1
2812.7
2976.6
2975.9
2717.7
2929.6
2827.9
2834.1
2836.1
2892.3
2780.8
2802.5
2926.7
2970.4
2907.5
2810.4
2852.2
2902.2
2776.5
2916.6
2944.9
2951.8
2772.3
2879.6
2976.1
2861
2845.1
2942.1
2655
2849.4
2925.1
2853.9
2852.7
2904.6
2864.3
2927.6
2855.4
2872.9
2950.4
2875.7
2947.1
2828.4
2864.1
2911.4
2792.8
2907.5
2841.4
2928.3
2878.5
2974.9
2840.6
2793.3
2868.1
2930.4
2831.4
2917.4
2893.7
2835.6
2876.3
2934.3
2806.4
2838
2844.3
2898.1
2964.1
2804
2839.4
2796.7
2766.4
2788.8
2846.4
2910.7
2842.2
2931.9
2982.7
2846.4
2875.2
2910.9
2900
2959.2
2826.3
2876.3
2837.5
2903.3
2974.4
2674.4
2903.3
2858.4
2960.1
2892.8
2911.4
2843.4
2846.6
2963.1
2845.5
2791.5
2843.9
2784.6
2919.3
2758.3
2928.6
2878.7
2879.3
2693.6
2887.2
2879.5
2786.4
2933
2939.4
2811.2
3019.9
2898.7
2789.9
2853.2
2877.9
2899.8
2864.3
2803.8
2858.7
2865.9
2868
2923
2987.9
2921.2
2817.2
2880.6
2875.8
2814.9
2914.6
2808.4
2848.6
2897.8
2867.9
2793.5
2805.5
2993.9
2843.7
2884.1
2848.8
2944.9
2885.3
2912.5
2859.2
2827.3
2616.1
2776.8
2797.1
2752.5
3017.6
2868.1
2954.7
2952.7
2822.9
2887.4
2887.4
2769.4
2892.4
2874.3
2800
2880.9
2967
2810.8
3000.1
2934.5
2795.1
2934.4
2801.2
2961.9
2853.5
2745.3
2829.4
2809.4
2864
2849.3
2973.2
2802.4
2926.5
2836.6
3019.8
2840.4
2803.2
2944.8
2777.6
2822.4
2846.7
2812.2
2778.5
2632.6
2979.2
2883.7
2861.9
2967.9
2748.8
2990
2983.4
2752.2
2843
2888.6
2797.1
2928.5
2788.2
2901.5
2916.7
2791.4
2801
2943.3
2854.8
2944.2
2774.2
2839.8
2919.6
2942.2
2951.2
2823.5
2969
2902.5
2875.7
2956.8
2923.7
2746.8
2950
2998.1
2842.1
2840.5
2866
2874.1
2847.4
2888.6
2954.2
2819.2
2936.3
2840.4
2887.1
2932.1
2919.1
2771.6
2803.6
2794.7
2834.7
2866.5
2861.4
2817.8
2862.6
2870
2919.8
2868.1
2874.4
2905.5
3005.9
2855.2
2991.4
2893.4
2907.4
2839.4
2979.5
2876.7
2757.6
2819.7
2663.8
2987.8
2893.7
2933.6
2781
2872.1
2793
2930.1
2931.5
2911.7
2933.3
2823.2
2924.1
2784
2861.1
2776
2940.2
2791.7
2814.8
2914.8
2822.9
2816.2
2777.8
2925.8
2811.3
2929.3
2807.5
2810.6
2932.6
