5498.6
5557.6
5567
5636.7
5301.6
5623.3
5237.2
5698.3
5478.3
4785.9
5252.5
5875.4
5397.4
5656.3
5282.6
5725.9
5302.2
5671.4
5594.4
5525.2
5352.7
5325.7
5455.5
5469.7
5374.8
5334.2
5649.4
5330.8
5366.2
5625
5560.1
5277.2
5389.1
5849.5
5359.2
5644.5
5544.8
5272.5
5353.6
5248.7
5607
5446.5
5848.8
5878.8
5345.8
5429.9
5383.6
5578.2
5369.7
5337.4
5317.6
5915.8
5509.9
5334.1
5497.1
5328.8
5605.5
5759.1
5432
5497.3
5420.1
5749.3
5640.5
5420.7
5587.2
5444.6
5581
5612.4
5413.9
5686.4
5266.3
5834.8
5923.8
5727.9
5362.3
5313.8
5541.9
5381.5
5490.8
4864.5
5747.3
5614.8
5595.1
5646.1
5370.3
5734.2
5368.5
5658.1
5938.6
5439
5540.4
5356.3
5389.4
5257.4
5553.1
5319.8
5362.4
5582.9
5504.2
5461.3
5434.2
5847.3
5847.8
5399.1
5854.4
5234
5425.3
5777.8
5806.7
5322.2
5442.4
5590.3
5774.7
5792.2
5915.1
5341.9
5521.1
5487.3
5580.3
5326.8
5521.7
5906.2
4563.9
5440.4
5417
5534.4
5619.4
5758.1
5270.1
5647.9
5330.6
5372.4
5779.9
5774.9
5253
5640.1
5641
5381.7
5365.2
5513.3
5826.2
5726.1
5476.9
5640.8
5749.4
5485.7
5846.6
5397.2
5394.2
5368.7
5555.8
5365.4
5821.8
5800
5609.5
5427.4
5563
5485
5668.1
5817
5817.5
5876.4
5400.9
5721
5840.9
5364.8
5676.6
5358.7
5256.4
5878.5
5847.3
5867.1
5034
5819.5
5342.4
5631.3
5455.7
5809.4
5535
5589.3
5483.8
5424.3
5679.7
5499.5
5555.7
5555.2
5772.8
5260.6
5251.4
5511.2
5309.4
5703
5789.4
5398.3
5632.6
5728.9
5795.7
5881.2
5765.4
5519.6
5286.8
5360.5
5383
5844.6
5483.3
5838
5618.8
5744.2
5304.9
5210.6
5537.2
5910.2
5902.9
5596.9
5270.8
5544.5
5496.8
5413.2
5475.4
5479.2
5223.3
5555.1
5641
5389.6
5680.3
5660.8
5483.6
5655
5328.8
5815.6
5470.1
5590.9
5558.9
5564.9
5597
5746.3
5372.3
5519.7
5620.5
5431.8
5702.4
5703
5197.4
5661.6
5427.8
5709.9
5917.4
5209.4
5654.6
5738.7
5482.2
5546.7
5794.6
5697
5297.1
5722.3
5528.8
5634.8
5860
5664.6
5607.7
5546.1
5230.4
5568.6
5657.1
5577.6
5617.4
5703.4
5494.3
5639.5
5495.6
5886.8
5723.8
5267.2
5828.1
5608.4
5432.2
5494.5
5365.4
5286.8
5274.6
5288.6
5315.5
5599.5
5840.9
5377.1
5369.8
5767.6
5393.8
5849.7
5468.3
5011.2
5258.3
5462.1
5418.8
5475.6
5339.4
5867.1
5286.3
5532.4
5748.8
5450.4
5524.2
5545.2
5149.3
5777.9
5664.9
5750.2
5541.5
5523.7
5305.2
5382.6
5653.6
5765.9
5277.9
5821.8
5466.6
5865.4
5430.7
5152.6
5369
5531.6
5320
5725.3
5528
5819.9
5351.8
5679.5
5749
5277.8
5856.3
5786
5476.4
5564.8
5484.9
5826.4
5531.4
5647.6
5210.6
5503.2
5461.2
5853.3
5563.3
5543.8
5645.7
5797.8
5706.9
5698.8
5754.5
5267.6
5676.3
5778
5622.5
5813.4
5159.7
5625.3
5639.1
5311.8
5707.8
5683.5
5640.3
5854.1
5913.4
5741.7
5324.6
5375
5360.8
5566.3
5262.4
5243
5913.6
5633.2
5426.5
5293.6
5369.6
5488
4860.3
5322.5
5857.2
5324.2
5697.4
5859
5689.5
5531.8
5366.9
5406.8
5899.5
5624
5327.9
5193.8
5714.5
5406.1
5920.5
5892.4
5547.3
5203.4
5458.5
5894.4
5889.5
5790.9
5599.3
5846
5514.4
5782.4
5626.4
5398.8
5325
5860.8
5844.3
5203.9
5351.9
5453
5864.2
5601.4
5285.9
5540.2
5777.3
5846.3
5804.7
5346.5
5414.6
5326
5435.2
5295.4
5314.4
5199
5572.1
5511.9
5267.8
5731.2
5230.3
5529.5
5646.1
5873.8
5526.9
5545.8
5318.2
5577
5309.5
5317.9
5833.8
5724.6
5634.5
5185.1
5770
5318.6
5669
5563.6
5665.4
5301.3
5198.6
5715.3
5635.7
5910.1
5457.2
5241
5233.2
5377.5
5277.1
5421.2
5245.6
5716.4
5794.4
5769.1
5668.2
5769.9
5502.9
5629.2
5276.2
5465.6
5338.9
5293.1
5330.5
5425.5
5578.5
5624.9
5551.3
5805.6
5382
5613.6
5726.2
5481.5
5309.6
5849.1
5642.6
5294.4
5734.3
5306.7
5194.8
5577.9
5429.8
5892.8
5323.7
5758.9
5536.7
5690.5
5312.8
5824.5
5682.4
5405.2
5759.1
5626.6
5270.3
5706
5518.1
5789.3
5597.2
5237.8
5361.4
5701.9
5894.9
5651.8
5554.2
5722.3
5348.9
5724.1
5399.6
5167.8
5439.8
5896.2
5590.8
5621.2
5465.7
5562.8
5665.1
5290.3
5709.1
5823.7
5246
5296.7
5569.6
5414.7
5925.9
5404.8
5449.5
5348.9
5280.3
5722.2
5349.6
5499
5609.7
5488.4
5799.8
5720.6
5518.9
5263.8
5571.5
5462.2
5288.4
5270.7
5401.1
5372.1
5309.6
5471.7
5743.6
5554.7
5498.1
5696.7
5470.7
5652.7
5425.9
5362.7
5755.1
5236.5
5285.7
5761.3
5231
5652.8
5875.1
5870.5
5344.2
5314.9
5908.4
5286.5
5676
5615.4
5688.9
5715
5658.2
5341
5845.3
5570.1
5497.6
5822
5793.7
4795.3
5846.3
5926.6
5719.7
5764.5
5058.1
5868.7
5064.3
5284.6
5708
5351.5
5884.3
5710.1
5784.1
5495.8
5751.3
5539.2
5509.2
5555.4
5322.5
5769.1
5472
5882.3
5644
5687.2
5599.6
5847.6
5346.2
5889.3
5214.6
5555.2
5394.4
5467.2
5052.3
5266.7
5487.9
5306.8
5270.4
5235.3
5377.7
5473.6
5933.3
5658.7
5572.6
5539.3
5638.9
5332.4
5186.9
5036.7
5349
5883.1
5356.1
5442.7
5331.4
5322
5477.6
5483.7
5374
5507.6
5337.7
5648.8
5739.8
5610.8
5356.2
5725.6
5743.3
5889
5587.1
5849.3
5333.3
5640.1
5792.1
5554.9
5841.6
5199.7
5599.2
5432.8
5391.4
5281.7
5791.4
5334.2
5729.4
5824
5727
5266.7
5445.9
5415.1
5665.4
5875
5373.6
5485.6
5320.4
5658.4
5228.3
5760.8
5444.4
5485.4
5490.1
5770.8
5520.9
5264.4
5542.9
5527.7
5821.5
5664.7
5339.8
5489.8
5525.1
5461.4
5347.8
5450.2
5369.7
5545.6
5768.4
5684.4
5476.1
5816.3
5696.5
5663.1
5817.7
5375.6
5529.2
5461.9
5417.6
5482.8
5213.4
5454.1
5563.3
5684.5
5426.3
