10767
10431
11190
10619
10320
10820
10989
10699
10515
10297
10163
11154
11090
10289
10910
10762
11155
10384
10471
10717
10493
10980
10626
10670
11063
11212
11037
10584
11006
10722
11170
10979
10534
11216
11054
10822
10389
11072
11076
10702
10757
11259
10880
10565
11097
11256
10696
10983
10432
10747
10518
10897
10476
11261
10728
10163
10647
10745
10588
10808
10591
11189
11186
10966
11093
10669
10739
10412
10257
10243
10864
11196
11146
10993
11212
10969
10790
10904
10856
10714
11097
10747
10809
11126
10987
10650
11054
10659
10873
11134
11087
10073
10919
11157
10841
11073
11126
10936
10684
10473
10883
10714
10842
10790
10512
10571
10855
11014
10481
10978
11193
11205
11247
10620
10353
10982
10377
10726
10645
10610
10976
10779
10582
10543
11124
11259
11023
10686
10572
11135
10110
10369
10710
11085
10748
10550
10861
10341
10027
11247
10968
10643
11002
10192
11043
10108
10815
10091
10928
10812
11085
10399
11151
10661
10397
10383
10511
10318
10958
10598
10823
11113
10516
11084
10973
11063
10183
10613
10574
10521
11260
10893
10686
11186
10505
11045
10827
10915
10191
10778
10621
11167
11242
10813
10485
11044
10582
10201
10791
10296
10392
10853
10872
11112
11009
10585
10578
11248
10854
10603
10266
10980
10825
11012
10171
11127
10696
10904
10775
10679
10773
10535
10779
11248
10608
11188
11103
10244
11138
11168
10935
10587
11089
10734
11183
10217
11100
10722
10883
10615
10416
11012
10587
10951
10895
11014
10594
10722
10295
10438
11221
10806
10966
10532
10665
10186
10841
10927
10662
10484
10159
10918
11057
11061
10767
11061
11045
10461
10807
10463
10744
10226
11000
11159
10813
10405
11125
10504
11018
10594
10655
11083
11265
11141
10930
10280
10946
10797
11094
11222
11162
10269
11078
11248
10925
10456
11130
10402
10422
10554
10767
10382
10668
11107
10647
11109
11066
10630
11023
11266
11071
10672
10413
10969
11117
10778
10903
11124
10446
10732
10618
10896
11128
11191
11104
10756
11022
10671
10628
11177
10994
10795
11051
10564
10885
10865
11240
10857
11070
10696
11122
10799
10572
11052
10641
11062
10842
11147
10457
11143
11045
11050
11162
10687
10727
10961
10917
10366
10431
10856
10844
10760
10508
10908
11073
10742
10741
10908
10904
10163
10328
11148
11110
11179
10586
10472
11016
10529
10174
10262
10996
10637
10842
11065
10911
11077
10494
11193
11095
10920
10746
11209
10850
10131
10779
11261
10373
11002
10811
10583
10949
10621
11127
11241
11172
10098
10993
11256
10501
10482
10704
10550
10602
10918
10582
11022
11131
11119
10145
11211
10439
10714
10688
10891
10614
10599
10908
10640
10975
11161
10117
10098
10819
10865
10621
11126
10840
10803
10671
10949
11096
10501
11271
11268
10752
10104
11141
10807
11124
10919
11181
10887
11208
10791
11182
10772
11214
11016
10693
11124
11131
10627
10455
11103
11193
10377
11013
10954
10433
11274
10019
10626
10040
11229
11104
11165
11092
10723
10648
10658
11117
11242
11252
10581
10921
11169
10522
11269
11259
10518
10211
10818
11172
10126
11010
10074
10695
11257
10351
10726
11054
11031
10477
10490
11073
11063
11195
10743
10656
10985
11137
10477
11214
10527
10514
10097
10534
10887
10256
11105
10614
10818
10786
10789
11068
11021
10849
10113
10801
11252
10840
10752
10614
10492
11007
11056
11101
10983
11099
11032
11175
10883
11181
11110
10452
10299
10808
10609
11090
10326
10796
11210
11166
11031
10452
11255
11221
10253
10568
10087
11151
10998
11181
10780
10348
11038
11070
10292
10474
10928
10555
11224
10733
11249
10905
10131
10573
10975
11097
10943
