3867.1
3984.9
3907.8
3835.6
4040.4
3930.4
3958.5
3925.1
3914.4
3832.3
3943.6
3900.6
3887.2
3933.7
3891.4
3914.5
3862.5
3914.7
4035.4
3897.8
3957
3914
3897.1
4098.1
3890.1
4098.2
3992.3
4101.2
3860
3863.1
4024.4
3863.4
4018.7
3871.5
3944.6
3881.7
3993
3937.8
3867
3797.6
3823.4
3795.2
3873.6
3767.5
3945.4
3910.1
3927.5
3948.6
3945.9
3835.3
3927.6
3940.8
3910.2
3912.2
3811
3722.8
3949.1
3889.3
4090.3
3909.1
4029.8
4030.8
3882.4
3865.3
4068
4017
3884.3
3910.1
3965.5
3883.6
3858.2
3882.2
3978
3953.9
4096.7
3920
3871.7
3987.9
3843.4
4036.4
3879.2
3958.2
3922.4
3941.8
3899.3
3901.3
3838.1
3994.1
4027
3949.6
3954
3990.3
3882.1
4083.3
3912.8
3904.6
3957.5
3814.2
3843.8
4090.9
3925.2
3871.5
3929.2
4037
3905.4
3887.9
3970.7
3959.7
4109.8
3893.6
3885
3884.3
4088.7
4070.8
3764.2
3863.8
3793.5
3899.2
4013.8
3886.8
3927.9
3861
3986.4
3875.7
3974.5
4032.6
4049.4
3892.7
3994
4069.2
4107.8
3889.9
3791.7
3925.5
3875.2
3809.2
3898.2
4134
3858.3
3809
3897.2
3940.9
3920.3
4039.5
3948.6
3875.2
3868.6
4065.2
4113
4100.6
3770.7
3929.1
3801.9
3890.4
4060.4
3949.5
3893
3936.9
3894.2
3915.1
3959.5
3927.8
3937.4
3877.6
3785.1
3959.2
3840.2
3992.5
3801
3976.9
4042.8
3933.4
3930
4027.3
3900.8
3902.4
3991.5
3978.4
3843.4
3807.9
3888
3875.5
3870.2
3733.3
3938.9
4022.8
3975.6
3859.4
3905.8
3964.8
3754.8
4030.3
3912.4
4132.8
4121.1
4006.9
4123.6
3875.6
3803.2
3919.6
4027.7
4022.4
3962.5
4124.1
3917
3844.9
4094.2
4046.7
3855.9
4128
4133.9
4104.3
3744.4
4062.7
4002.2
3912.3
3970.4
3909.6
4092.2
4008.3
4131
4143.7
3962.3
3956.2
3672.7
4057.9
4085.3
3908.1
4052.2
3878.8
3993
3897.2
3787.6
3886
3802.8
4070.4
3772.1
3960.6
3856.9
4038
4092.2
4029.3
4055
3906.4
3859.7
4021.5
3929.1
3783.3
3903.8
4106.6
3914.7
4126.7
3972.1
3897.4
4048.7
3994.4
4111.9
3844.6
4074.6
3823.1
4080.1
3885.9
3826.1
3999
3838
4014.5
3915.4
3941
3819.9
4004
3872.1
4097.8
4100
3923.2
3736.5
4126.9
4057.4
3747.4
3964.3
3959.5
3889.1
3899.8
3849.1
3924.2
3990.5
4045.7
4113.9
3836.6
4119.4
3910.9
3988.2
4038.9
3726.3
4047
3833.7
4134.6
4005.9
4103.6
3878.4
3875.5
3948.7
3970.4
3847.7
4000.9
3949.3
3967.9
4078.7
3822.8
3913.3
3874
3975.4
3843
4004.7
3956.7
4095.4
4016.4
3819.5
3863.8
4038.2
3979.8
3936.6
4035.4
3994.5
3833.7
4000.1
3843.3
3970.6
4013.2
3903.7
4082.3
3865.2
3913.2
3812
4090.4
3847.6
3960.8
3893
3990.1
3825.5
3899.6
3891.4
3962.4
3879.6
3952.4
4030
3864.2
3917.6
3857.5
3870.4
3873
3888.5
3812.6
3940.9
4012.9
3837.7
3740
3920.4
3840.9
3886.7
3846.2
3902.4
3853.5
3917.1
4000.5
3648
3887.4
3962.4
4030.1
3868.7
3993.7
3881.9
3832.7
3883.5
4111
3914.2
3843.6
3983.7
4109.2
3997
4012.9
3930.7
4144.4
3932.8
3874.2
4051.6
4015.3
3978.7
3946.3
4035.1
3780.3
4018.9
4095.5
4151
3744.8
3893.6
3946.5
3880.9
3983.3
3988.7
3996
3932.2
3983.3
3955.6
4125.9
3909.4
3951.3
3932.5
3901.9
4055.4
3944.6
4088.9
4138.4
3908.4
3910.6
3930.5
3927.9
3923.3
3855.2
4005.7
3985.1
3958.4
3960.5
4051
3831.7
3782.4
3782.2
3869.1
3994
3916.5
3864.1
4021.6
3861.7
3884.1
3715.8
3944.7
3870.1
4097.4
4100.1
4136.2
4007.8
4011.6
3976
3996.3
3887
4088
3815.9
3967.5
3846.9
3908.6
3811.8
3954.5
3925
4081.5
3904.7
3830.4
3939.3
4036.7
4004
4026.4
3903.8
3987.6
3876.8
3963.4
3955.6
3838.6
3864.6
3949.7
4097.2
4036.8
4084.3
4012.4
4147.1
4029.1
3873
3880.4
4045.4
4128.4
4002.3
3873.9
3817.4
3880
3852.9
3912.9
3902.8
3973.3
3881.7
3934.3
3835.8
4149
4118.8
3919.3
3996.4
4090.5
4120.2
3929.5
3820.3
3890.4
3995.7
3978.1
4034.2
3943.5
4115.3
3910
4034.7
4046.4
4138.7
3927.9
3842.8
3978.4
3852.1
3902.4
3940.9
3881.8
3940.8
4010.6
4107.6
3760.6
3898.5
3899
3915.5
3798.2
4115.2
3875.8
3919.7
4086.8
3941.2
4077
3824
3968.9
3885.3
4120.1
3871.4
4047.7
3760.7
3883.7
4015.7
3839
3860.1
3922.9
3915.1
3850
3930
3986.6
3951.8
3914.6
